1715156679133743286	 5084.0	 5131.0	 3301.0	 3778.0	 4803.0
1715156679209096670	 5150.0	 5281.0	 3282.0	 3773.0	 4907.0
1715156679283588647	 5183.0	 4630.0	 3300.0	 3783.0	 4860.0
1715156679358432531	 5155.0	 5197.0	 3455.0	 3726.0	 5005.0
1715156679433708906	 5206.0	 5300.0	 3314.0	 4064.0	 4921.0
1715156679509009122	 5140.0	 4972.0	 3324.0	 3750.0	 4907.0
1715156679576841354	 5033.0	 5037.0	 0.0	 3745.0	 4897.0
1715156679652321100	 5084.0	 5014.0	 3347.0	 3675.0	 4907.0
1715156679727235078	 5075.0	 5103.0	 3324.0	 3651.0	 4921.0
1715156679801645755	 5056.0	 5145.0	 3319.0	 3651.0	 4944.0
1715156679876753568	 5122.0	 4724.0	 3292.0	 3717.0	 4958.0
1715156679951209783	 5145.0	 4494.0	 3300.0	 3731.0	 4939.0
1715156680027546405	 5117.0	 5047.0	 3263.0	 3736.0	 4935.0
1715156680103384494	 5075.0	 5234.0	 3282.0	 3642.0	 4897.0
1715156680165661811	 5112.0	 5244.0	 0.0	 0.0	 4968.0
1715156680241297483	 5112.0	 5065.0	 3287.0	 3731.0	 4925.0
1715156680316197156	 5140.0	 5159.0	 3292.0	 3722.0	 4925.0
1715156680391000747	 5117.0	 5216.0	 3300.0	 3680.0	 4916.0
1715156680466240167	 5089.0	 5216.0	 3300.0	 3764.0	 4930.0
1715156680541359186	 5065.0	 4742.0	 3277.0	 3703.0	 4916.0
1715156680615670680	 5103.0	 5150.0	 3306.0	 3694.0	 4939.0
1715156680690767526	 5108.0	 4785.0	 3292.0	 3741.0	 4878.0
1715156680765907526	 5070.0	 5028.0	 3292.0	 3811.0	 4954.0
1715156680841283798	 5136.0	 5098.0	 3292.0	 3759.0	 4921.0
1715156680917025089	 5098.0	 4902.0	 3292.0	 3628.0	 4963.0
1715156680992632627	 5122.0	 4836.0	 3305.0	 3661.0	 4883.0
1715156681068433761	 5117.0	 4728.0	 3268.0	 3712.0	 4893.0
1715156681143202066	 5094.0	 4813.0	 3273.0	 3708.0	 4911.0
1715156681219055414	 5084.0	 4907.0	 3306.0	 3684.0	 4954.0
1715156681293464660	 5108.0	 4944.0	 3282.0	 3656.0	 4944.0
1715156681369361877	 5108.0	 5019.0	 3282.0	 3792.0	 4916.0
1715156681444454193	 5108.0	 4944.0	 3292.0	 3787.0	 4930.0
1715156681518891096	 5145.0	 4893.0	 3259.0	 3651.0	 4911.0
1715156681593957424	 5131.0	 4902.0	 3305.0	 3750.0	 4954.0
1715156681669107913	 5094.0	 4963.0	 3254.0	 3670.0	 4916.0
1715156681744295835	 5065.0	 4925.0	 3268.0	 3722.0	 4897.0
1715156681818740367	 5108.0	 4996.0	 3306.0	 3778.0	 4925.0
1715156681893606901	 5094.0	 4954.0	 3296.0	 3759.0	 4954.0
1715156681962714433	 5108.0	 4972.0	 3277.0	 0.0	 4907.0
1715156682024254560	 5084.0	 0.0	 0.0	 3609.0	 4916.0
1715156682098614931	 5112.0	 4986.0	 3287.0	 3736.0	 4954.0
1715156682174273252	 5117.0	 4925.0	 3301.0	 3703.0	 4930.0
1715156682249081611	 5108.0	 4944.0	 3273.0	 3731.0	 4949.0
1715156682316745042	 5112.0	 4944.0	 3273.0	 0.0	 4921.0
1715156682390886306	 5117.0	 4883.0	 3306.0	 3736.0	 4916.0
1715156682465451002	 5070.0	 4972.0	 3273.0	 3698.0	 4925.0
1715156682539574623	 5112.0	 4897.0	 3306.0	 3698.0	 4939.0
1715156682614464282	 5108.0	 4939.0	 3273.0	 3853.0	 4916.0
1715156682689246416	 5098.0	 4954.0	 3306.0	 4274.0	 4907.0
1715156682763850212	 5112.0	 4991.0	 3268.0	 4387.0	 4949.0
1715156682838516712	 5080.0	 4963.0	 3292.0	 4396.0	 4930.0
1715156682907074928	 5098.0	 4897.0	 3263.0	 0.0	 4954.0
1715156682982697725	 5065.0	 4855.0	 3235.0	 3717.0	 4996.0
1715156683057662487	 5051.0	 4789.0	 3188.0	 3759.0	 5009.0
1715156683125890493	 5005.0	 4808.0	 3174.0	 0.0	 5019.0
1715156683201200962	 0.0	 4813.0	 3123.0	 3802.0	 5047.0
1715156683269439458	 4968.0	 4817.0	 3099.0	 0.0	 5009.0
1715156683344707250	 4968.0	 4733.0	 3085.0	 3909.0	 5070.0
1715156683420135736	 4977.0	 4724.0	 3029.0	 0.0	 5061.0
1715156683494351387	 4930.0	 4663.0	 3001.0	 3956.0	 5094.0
1715156683569843769	 4916.0	 4583.0	 2944.0	 3909.0	 5084.0
1715156683645609617	 4888.0	 4471.0	 2912.0	 3956.0	 5145.0
1715156683713552236	 4883.0	 0.0	 2869.0	 3970.0	 5159.0
1715156683788733482	 4850.0	 4283.0	 2813.0	 4059.0	 5183.0
1715156683864036798	 4850.0	 4265.0	 2757.0	 4110.0	 5220.0
1715156683938573837	 4808.0	 4625.0	 2711.0	 4106.0	 5286.0
1715156684013768434	 4799.0	 4893.0	 2673.0	 4115.0	 5262.0
1715156684088744640	 4780.0	 4846.0	 2617.0	 4200.0	 5286.0
1715156684164290904	 4785.0	 4738.0	 2841.0	 4228.0	 5337.0
1715156684239120721	 4775.0	 4710.0	 2841.0	 4283.0	 5389.0
1715156684313604831	 4766.0	 4663.0	 2813.0	 4354.0	 5408.0
1715156684382010936	 4789.0	 0.0	 2682.0	 4312.0	 5464.0
1715156684457593441	 4738.0	 4574.0	 2593.0	 4330.0	 5492.0
1715156684526103496	 0.0	 4527.0	 2566.0	 4358.0	 5543.0
1715156684600716829	 4747.0	 4509.0	 2542.0	 5159.0	 5534.0
1715156684676714420	 4752.0	 4518.0	 2472.0	 5216.0	 5571.0
1715156684744602918	 4789.0	 4480.0	 2444.0	 0.0	 5618.0
1715156684819389104	 4761.0	 4485.0	 2420.0	 5192.0	 5632.0
1715156684893946886	 4747.0	 4471.0	 2369.0	 5183.0	 5665.0
1715156684961362838	 0.0	 4419.0	 2327.0	 5267.0	 5736.0
1715156685037493705	 4799.0	 4438.0	 2327.0	 5248.0	 5843.0
1715156685112885475	 4832.0	 4466.0	 2294.0	 5375.0	 5806.0
1715156685187715053	 4803.0	 4363.0	 2312.0	 4996.0	 5890.0
1715156685262124538	 4883.0	 4448.0	 2294.0	 4986.0	 5914.0
1715156685336812973	 4888.0	 4443.0	 2312.0	 4874.0	 5951.0
1715156685411669015	 4949.0	 4040.0	 2312.0	 4949.0	 6012.0
1715156685473793745	 4921.0	 3848.0	 2294.0	 0.0	 0.0
1715156685540940046	 4911.0	 3877.0	 2331.0	 0.0	 6059.0
1715156685615905046	 4949.0	 3769.0	 2355.0	 5033.0	 6152.0
1715156685691270112	 5000.0	 3787.0	 2383.0	 5028.0	 6138.0
1715156685766352415	 5094.0	 3684.0	 2425.0	 5084.0	 6185.0
1715156685841680049	 5178.0	 3703.0	 2448.0	 5126.0	 6218.0
1715156685909874916	 5220.0	 0.0	 2448.0	 5126.0	 6270.0
1715156685985572814	 5248.0	 3651.0	 2495.0	 5183.0	 6335.0
1715156686053684711	 5192.0	 3576.0	 0.0	 5220.0	 6345.0
1715156686121602296	 5131.0	 3549.0	 0.0	 5098.0	 6349.0
1715156686188962697	 5140.0	 3497.0	 2519.0	 5080.0	 0.0
1715156686256484746	 5080.0	 3497.0	 2570.0	 0.0	 6312.0
1715156686324851989	 5112.0	 3539.0	 2575.0	 5080.0	 0.0
1715156686399674415	 5103.0	 3567.0	 2542.0	 5047.0	 6410.0
1715156686467635154	 5145.0	 3670.0	 2575.0	 0.0	 6499.0
1715156686543182611	 5201.0	 3694.0	 2584.0	 5005.0	 6485.0
1715156686611617803	 5272.0	 3576.0	 2505.0	 5000.0	 0.0
1715156686678821086	 0.0	 3544.0	 2331.0	 4968.0	 6481.0
1715156686753681898	 5431.0	 3479.0	 2593.0	 5004.0	 6560.0
1715156686821116685	 0.0	 3530.0	 2809.0	 5005.0	 6579.0
1715156686889693737	 5469.0	 3427.0	 2720.0	 4968.0	 0.0
1715156686957951784	 0.0	 3507.0	 2701.0	 5000.0	 6668.0
1715156687032716274	 5581.0	 3418.0	 3010.0	 4991.0	 6668.0
1715156687107736110	 5600.0	 3436.0	 3099.0	 5033.0	 6696.0
1715156687182489633	 5665.0	 3450.0	 2902.0	 5065.0	 6729.0
1715156687243386507	 5712.0	 3441.0	 3048.0	 0.0	 0.0
1715156687319127559	 5712.0	 3231.0	 3099.0	 5061.0	 6771.0
1715156687393332719	 5768.0	 3080.0	 3179.0	 5042.0	 6785.0
1715156687467942237	 5782.0	 3024.0	 3123.0	 5084.0	 6808.0
1715156687543131589	 5829.0	 2987.0	 3184.0	 5070.0	 6813.0
1715156687618067264	 5867.0	 2987.0	 3179.0	 5023.0	 6879.0
1715156687692939281	 5862.0	 2846.0	 3300.0	 5000.0	 6841.0
1715156687767633438	 5904.0	 2786.0	 3418.0	 5051.0	 6822.0
1715156687843551158	 5876.0	 2668.0	 3455.0	 5042.0	 6874.0
1715156687919792413	 5848.0	 2607.0	 3324.0	 5056.0	 6874.0
1715156687994880437	 5829.0	 2570.0	 3310.0	 5037.0	 6973.0
1715156688070298194	 5914.0	 2505.0	 3385.0	 5028.0	 6991.0
1715156688145386457	 5998.0	 2481.0	 3389.0	 5000.0	 7010.0
1715156688220692873	 6227.0	 2533.0	 3474.0	 5005.0	 7024.0
1715156688295612812	 6068.0	 2528.0	 3493.0	 4986.0	 7015.0
1715156688370797872	 6049.0	 2626.0	 3535.0	 5000.0	 6954.0
1715156688446385860	 6087.0	 2715.0	 3605.0	 5000.0	 7029.0
1715156688514389991	 6256.0	 2603.0	 3633.0	 4968.0	 0.0
1715156688589195966	 6462.0	 2673.0	 3684.0	 4944.0	 7015.0
1715156688664382457	 6729.0	 2645.0	 3651.0	 4921.0	 7090.0
1715156688739596605	 6626.0	 2715.0	 3642.0	 4921.0	 7076.0
1715156688808128833	 6725.0	 2822.0	 0.0	 4860.0	 7076.0
1715156688882601737	 6813.0	 2832.0	 3755.0	 4883.0	 7151.0
1715156688950328588	 6912.0	 2776.0	 3816.0	 4850.0	 0.0
1715156689025328874	 6935.0	 2739.0	 3816.0	 4850.0	 7231.0
1715156689100223302	 6958.0	 2739.0	 3895.0	 4822.0	 7240.0
1715156689174675464	 7095.0	 2650.0	 3919.0	 4803.0	 7282.0
1715156689249065637	 7043.0	 2406.0	 4087.0	 4761.0	 7310.0
1715156689324137687	 6996.0	 2434.0	 4176.0	 4766.0	 7268.0
1715156689399492263	 7001.0	 2552.0	 4134.0	 4771.0	 7338.0
1715156689473904848	 7001.0	 2570.0	 4143.0	 4724.0	 7334.0
1715156689548752784	 6921.0	 2566.0	 3989.0	 4738.0	 7381.0
1715156689623990058	 6720.0	 2603.0	 4013.0	 4672.0	 7390.0
1715156689698053121	 6776.0	 2575.0	 4082.0	 4677.0	 7348.0
1715156689773100137	 6912.0	 2416.0	 4167.0	 4719.0	 7381.0
1715156689841043949	 6954.0	 2350.0	 4237.0	 0.0	 7404.0
1715156689909637212	 6954.0	 2467.0	 4242.0	 4696.0	 0.0
1715156689977851152	 6954.0	 2617.0	 0.0	 4672.0	 7418.0
1715156690052296876	 6977.0	 2692.0	 4330.0	 4714.0	 7451.0
1715156690126389265	 6963.0	 2729.0	 4452.0	 4653.0	 7390.0
1715156690200957298	 6987.0	 2814.0	 4438.0	 4728.0	 7310.0
1715156690276040792	 7024.0	 2879.0	 4410.0	 4738.0	 7371.0
1715156690350628614	 6977.0	 2907.0	 4443.0	 4757.0	 7254.0
1715156690425747394	 7052.0	 2869.0	 4438.0	 4813.0	 6888.0
1715156690500219106	 7057.0	 2818.0	 4555.0	 4261.0	 7005.0
1715156690575322628	 7080.0	 2814.0	 4766.0	 4256.0	 6973.0
1715156690649788379	 7080.0	 2822.0	 4921.0	 4148.0	 7769.0
1715156690724964618	 7090.0	 2813.0	 4888.0	 4190.0	 7760.0
1715156690799503803	 7113.0	 2570.0	 4620.0	 4186.0	 7882.0
1715156690874332189	 7146.0	 2570.0	 4569.0	 4129.0	 7573.0
1715156690948481321	 7118.0	 2589.0	 4564.0	 4110.0	 7240.0
1715156691022804021	 7090.0	 3024.0	 4569.0	 4082.0	 7137.0
1715156691099394798	 7038.0	 3268.0	 4602.0	 4064.0	 7071.0
1715156691173681974	 7095.0	 3104.0	 4663.0	 4017.0	 7019.0
1715156691248270988	 7095.0	 3085.0	 4691.0	 4003.0	 6991.0
1715156691322710275	 7151.0	 3109.0	 4728.0	 3980.0	 6991.0
1715156691396703004	 7174.0	 3156.0	 4696.0	 3886.0	 6977.0
1715156691464119195	 7123.0	 3202.0	 4742.0	 3914.0	 0.0
1715156691539106607	 7113.0	 3170.0	 4789.0	 3881.0	 7029.0
1715156691614135026	 7080.0	 3245.0	 4794.0	 3858.0	 7001.0
1715156691688678503	 7052.0	 3287.0	 4775.0	 3769.0	 6958.0
1715156691764040231	 7118.0	 3319.0	 4799.0	 3712.0	 6921.0
1715156691833714246	 7076.0	 3338.0	 4822.0	 0.0	 6851.0
1715156691901974201	 7095.0	 0.0	 4803.0	 4045.0	 6818.0
1715156691977043390	 7109.0	 3389.0	 4785.0	 3905.0	 6785.0
1715156692052573919	 7118.0	 3460.0	 4822.0	 3825.0	 6738.0
1715156692128431320	 7019.0	 3507.0	 4836.0	 3834.0	 6696.0
1715156692203289270	 7038.0	 3539.0	 4855.0	 3783.0	 6668.0
1715156692279077053	 7095.0	 3544.0	 4874.0	 3764.0	 6603.0
1715156692353976488	 7076.0	 3595.0	 4860.0	 3647.0	 6575.0
1715156692421149253	 7034.0	 3637.0	 4888.0	 3595.0	 0.0
1715156692496644258	 7034.0	 3680.0	 4855.0	 3549.0	 6537.0
1715156692572238445	 7090.0	 3712.0	 4883.0	 3558.0	 6490.0
1715156692647106409	 7099.0	 3755.0	 4860.0	 3544.0	 6462.0
1715156692721722364	 7099.0	 3778.0	 4916.0	 3479.0	 6424.0
1715156692795859813	 7076.0	 3834.0	 4925.0	 3418.0	 6373.0
1715156692864934682	 7076.0	 3877.0	 4949.0	 0.0	 6401.0
1715156692939949750	 7066.0	 3933.0	 4925.0	 3375.0	 6317.0
1715156693014995813	 7052.0	 3938.0	 4968.0	 3306.0	 6363.0
1715156693083745718	 7062.0	 3989.0	 4944.0	 0.0	 6312.0
1715156693158897399	 7024.0	 4008.0	 5000.0	 3137.0	 6265.0
1715156693233488559	 7052.0	 4078.0	 4968.0	 3080.0	 6237.0
1715156693309055566	 6996.0	 4115.0	 5000.0	 3001.0	 6274.0
1715156693384088516	 7005.0	 4157.0	 5033.0	 2968.0	 6246.0
1715156693458793878	 6977.0	 4195.0	 5028.0	 2879.0	 6181.0
1715156693532875537	 7010.0	 4283.0	 5047.0	 2818.0	 6124.0
1715156693607556819	 7010.0	 4312.0	 5037.0	 2800.0	 6101.0
1715156693681642770	 7024.0	 4340.0	 5061.0	 2715.0	 6091.0
1715156693756562948	 6996.0	 4424.0	 5080.0	 2720.0	 5965.0
1715156693831783056	 6958.0	 4391.0	 5061.0	 2617.0	 5933.0
1715156693906049013	 6977.0	 4433.0	 5084.0	 2566.0	 5900.0
1715156693981439113	 6926.0	 4476.0	 5075.0	 2524.0	 5811.0
1715156694057103157	 6954.0	 4517.0	 5070.0	 2463.0	 5740.0
1715156694133056163	 6940.0	 4513.0	 5051.0	 2448.0	 5731.0
1715156694207767248	 6893.0	 4583.0	 5108.0	 2420.0	 5675.0
1715156694282994031	 6926.0	 4396.0	 5108.0	 2364.0	 5600.0
1715156694358141422	 6865.0	 4410.0	 5094.0	 2308.0	 5637.0
1715156694433557271	 6855.0	 4415.0	 5075.0	 2284.0	 5801.0
1715156694508327960	 6841.0	 4518.0	 5065.0	 2242.0	 5455.0
1715156694583400487	 6888.0	 4569.0	 5080.0	 2200.0	 5389.0
1715156694652197599	 6865.0	 4672.0	 5075.0	 2162.0	 0.0
1715156694726957798	 6832.0	 4827.0	 5065.0	 2144.0	 5253.0
1715156694794831275	 0.0	 4939.0	 5065.0	 2083.0	 5206.0
1715156694869772195	 6832.0	 4939.0	 5080.0	 2079.0	 5164.0
1715156694944725275	 6790.0	 5009.0	 5084.0	 2036.0	 5356.0
1715156695019936084	 6799.0	 5019.0	 5061.0	 2032.0	 5140.0
1715156695094488382	 6733.0	 5070.0	 5098.0	 1980.0	 5061.0
1715156695170561790	 6757.0	 5065.0	 5089.0	 2013.0	 5042.0
1715156695245318651	 6724.0	 5140.0	 5112.0	 1919.0	 5197.0
1715156695319763183	 6752.0	 5216.0	 5108.0	 1928.0	 5427.0
1715156695386860609	 6678.0	 5262.0	 5112.0	 0.0	 5103.0
1715156695462735414	 6654.0	 5305.0	 5084.0	 1900.0	 5670.0
1715156695538046836	 6635.0	 5277.0	 5098.0	 1886.0	 5056.0
1715156695612745046	 6659.0	 5342.0	 5117.0	 1886.0	 5585.0
1715156695687471628	 6598.0	 5314.0	 5094.0	 1905.0	 4789.0
1715156695756389141	 6551.0	 5291.0	 0.0	 1882.0	 4883.0
1715156695830565214	 6514.0	 5389.0	 5080.0	 1943.0	 5084.0
1715156695905532598	 6565.0	 5787.0	 5112.0	 2018.0	 4757.0
1715156695973760366	 6523.0	 5801.0	 5070.0	 0.0	 4860.0
1715156696048760652	 6485.0	 5829.0	 5051.0	 2036.0	 4878.0
1715156696123078107	 6406.0	 5942.0	 5037.0	 2088.0	 5056.0
1715156696197994232	 6429.0	 5792.0	 5084.0	 2101.0	 5033.0
1715156696272661924	 6415.0	 5628.0	 5075.0	 2139.0	 5145.0
1715156696347968578	 6345.0	 5384.0	 5009.0	 1872.0	 5145.0
1715156696423414945	 6331.0	 5370.0	 5047.0	 2533.0	 4958.0
1715156696497969150	 6331.0	 5394.0	 5009.0	 2392.0	 4578.0
1715156696572260141	 6293.0	 5520.0	 4968.0	 2303.0	 4616.0
1715156696647008419	 6265.0	 5576.0	 4982.0	 2359.0	 5009.0
1715156696721932649	 6284.0	 5642.0	 4982.0	 2345.0	 5000.0
1715156696797136306	 6279.0	 5632.0	 4968.0	 2369.0	 4893.0
1715156696871626138	 6218.0	 5689.0	 4916.0	 2233.0	 4855.0
1715156696946603536	 6213.0	 5721.0	 4958.0	 2065.0	 4902.0
1715156697013355731	 6166.0	 5750.0	 0.0	 1985.0	 4794.0
1715156697087655305	 6091.0	 5797.0	 4888.0	 2607.0	 4667.0
1715156697163077592	 6054.0	 5787.0	 4841.0	 2617.0	 4574.0
1715156697238005161	 5970.0	 5806.0	 4832.0	 2612.0	 4513.0
1715156697313491821	 5881.0	 5792.0	 4766.0	 2570.0	 4462.0
1715156697388271570	 5834.0	 5815.0	 4761.0	 2477.0	 4368.0
1715156697463181972	 5872.0	 5778.0	 4700.0	 2448.0	 4293.0
1715156697538351774	 5736.0	 5782.0	 4639.0	 2463.0	 4246.0
1715156697613298892	 5707.0	 5759.0	 4625.0	 2420.0	 4326.0
1715156697681416273	 5562.0	 5773.0	 4550.0	 0.0	 4326.0
1715156697756167888	 5474.0	 5764.0	 4485.0	 2481.0	 4330.0
1715156697824852228	 6148.0	 5792.0	 4513.0	 0.0	 4256.0
1715156697898666858	 6077.0	 5872.0	 4494.0	 2528.0	 4218.0
1715156697972798824	 6002.0	 5909.0	 4448.0	 2575.0	 4167.0
1715156698047876596	 5858.0	 5918.0	 4452.0	 2673.0	 4078.0
1715156698121859788	 5773.0	 5937.0	 4396.0	 2781.0	 4054.0
1715156698196855068	 5661.0	 5970.0	 4358.0	 2790.0	 4050.0
1715156698271217823	 5585.0	 5965.0	 4302.0	 2874.0	 4036.0
1715156698346092462	 5501.0	 5988.0	 4288.0	 2893.0	 4045.0
1715156698413660049	 5422.0	 5988.0	 4223.0	 2968.0	 0.0
1715156698488621711	 5403.0	 5993.0	 4214.0	 3029.0	 3670.0
1715156698564089059	 5375.0	 5988.0	 4195.0	 3043.0	 3647.0
1715156698638920545	 5370.0	 5979.0	 4204.0	 3113.0	 3670.0
1715156698714150905	 5295.0	 5947.0	 4139.0	 3118.0	 3647.0
1715156698789338588	 5230.0	 5923.0	 4129.0	 3123.0	 3590.0
1715156698864514350	 5234.0	 5951.0	 4115.0	 3198.0	 3525.0
1715156698939446449	 5131.0	 5956.0	 4035.0	 3259.0	 3464.0
1715156699014893054	 5075.0	 5933.0	 4054.0	 3324.0	 3450.0
1715156699089274644	 5019.0	 5993.0	 3952.0	 3301.0	 3408.0
1715156699164551973	 4972.0	 6054.0	 3952.0	 3361.0	 3380.0
1715156699239620208	 4883.0	 6110.0	 3914.0	 3441.0	 3375.0
1715156699314201354	 4916.0	 6195.0	 3891.0	 3464.0	 3328.0
1715156699390074014	 4878.0	 6227.0	 4672.0	 3488.0	 3282.0
1715156699465172290	 4799.0	 6302.0	 4302.0	 3586.0	 3235.0
1715156699540048599	 4771.0	 6288.0	 4190.0	 3689.0	 3300.0
1715156699607906341	 4733.0	 0.0	 4115.0	 3745.0	 3287.0
1715156699682374477	 4677.0	 6340.0	 4031.0	 3745.0	 3287.0
1715156699756846666	 4644.0	 6349.0	 3970.0	 3900.0	 3292.0
1715156699831592082	 4653.0	 6335.0	 3942.0	 3956.0	 3292.0
1715156699906749010	 4649.0	 6396.0	 3886.0	 3947.0	 3212.0
1715156699981311559	 4616.0	 6349.0	 3839.0	 4022.0	 3170.0
1715156700049684762	 4560.0	 6382.0	 3787.0	 4059.0	 0.0
1715156700125209569	 4513.0	 6438.0	 3764.0	 4143.0	 3170.0
1715156700199396133	 4457.0	 6420.0	 3726.0	 4139.0	 3118.0
1715156700275677204	 4368.0	 6448.0	 3741.0	 4214.0	 3188.0
1715156700350799322	 4363.0	 6471.0	 3717.0	 4195.0	 3095.0
1715156700425976276	 4330.0	 6518.0	 3647.0	 4251.0	 3085.0
1715156700493844509	 4288.0	 6542.0	 3656.0	 4340.0	 0.0
1715156700568232774	 4275.0	 6565.0	 3633.0	 4326.0	 3057.0
1715156700635856389	 4176.0	 6621.0	 3633.0	 4368.0	 0.0
1715156700703366041	 4134.0	 6673.0	 0.0	 4466.0	 3048.0
1715156700777736902	 4101.0	 6664.0	 3609.0	 4419.0	 3001.0
1715156700853123903	 4059.0	 6720.0	 3562.0	 4513.0	 2982.0
1715156700927484989	 4027.0	 6747.0	 3572.0	 4588.0	 2982.0
1715156701001829624	 3999.0	 6804.0	 3558.0	 4625.0	 3005.0
1715156701077098846	 3989.0	 6799.0	 3553.0	 4616.0	 2996.0
1715156701151887893	 3905.0	 6851.0	 3511.0	 4700.0	 2959.0
1715156701226111173	 3886.0	 6883.0	 3521.0	 4771.0	 2968.0
1715156701301063776	 3877.0	 6907.0	 3507.0	 4822.0	 2991.0
1715156701377471923	 3830.0	 6954.0	 3483.0	 4827.0	 3019.0
1715156701452205896	 3773.0	 6977.0	 3432.0	 4874.0	 2991.0
1715156701526890039	 3745.0	 7029.0	 3403.0	 4958.0	 2977.0
1715156701594618082	 3717.0	 7071.0	 3366.0	 5051.0	 0.0
1715156701662788391	 3614.0	 7095.0	 3413.0	 5061.0	 0.0
1715156701730588197	 0.0	 7099.0	 3385.0	 5117.0	 2977.0
1715156701805633783	 3572.0	 7165.0	 3342.0	 5286.0	 3019.0
1715156701881263256	 3530.0	 7216.0	 3306.0	 5441.0	 3071.0
1715156701956474542	 3483.0	 7292.0	 3314.0	 5169.0	 3123.0
1715156702031706809	 3446.0	 7277.0	 3300.0	 5033.0	 3141.0
1715156702107597351	 3418.0	 7235.0	 3300.0	 5084.0	 3174.0
1715156702175671100	 3408.0	 7231.0	 0.0	 5258.0	 3216.0
1715156702250053167	 3366.0	 7170.0	 3249.0	 5300.0	 3202.0
1715156702324492692	 3324.0	 7240.0	 3193.0	 5239.0	 3202.0
1715156702399846553	 3422.0	 7343.0	 3179.0	 5319.0	 3268.0
1715156702468694210	 3609.0	 7521.0	 3146.0	 0.0	 3277.0
1715156702544286012	 3562.0	 6958.0	 3132.0	 5347.0	 3314.0
1715156702618822336	 3581.0	 6865.0	 3071.0	 5427.0	 3342.0
1715156702694080352	 3399.0	 6912.0	 3062.0	 5492.0	 3366.0
1715156702768549442	 3226.0	 6973.0	 3052.0	 5501.0	 3352.0
1715156702843015670	 3118.0	 6944.0	 3029.0	 5441.0	 3408.0
1715156702919266462	 3076.0	 6944.0	 2907.0	 5417.0	 3586.0
1715156702980737447	 3076.0	 6902.0	 0.0	 5510.0	 0.0
1715156703055611610	 3043.0	 6888.0	 2827.0	 5515.0	 3581.0
1715156703125256776	 3038.0	 6883.0	 2725.0	 0.0	 3544.0
1715156703200676679	 3048.0	 6879.0	 2626.0	 5539.0	 3619.0
1715156703276523351	 2996.0	 6827.0	 2607.0	 5567.0	 3680.0
1715156703351657152	 2935.0	 6799.0	 2566.0	 5548.0	 3675.0
1715156703425802946	 2813.0	 6747.0	 2556.0	 5618.0	 3755.0
1715156703500751256	 2706.0	 6752.0	 2566.0	 5604.0	 3741.0
1715156703576064109	 2645.0	 6725.0	 2533.0	 5665.0	 3787.0
1715156703643427610	 3333.0	 6682.0	 0.0	 5604.0	 3839.0
1715156703717348575	 3198.0	 6607.0	 2524.0	 5595.0	 3905.0
1715156703792064905	 3127.0	 6560.0	 2566.0	 5637.0	 3942.0
1715156703866639137	 3151.0	 6570.0	 2491.0	 5689.0	 3980.0
1715156703942026138	 3109.0	 6612.0	 2331.0	 5684.0	 4036.0
1715156704017081022	 3076.0	 6546.0	 2453.0	 5721.0	 4040.0
1715156704093202829	 3076.0	 6504.0	 2397.0	 5726.0	 4096.0
1715156704161994934	 3127.0	 0.0	 2350.0	 5740.0	 4115.0
1715156704236399650	 3123.0	 6467.0	 2266.0	 5750.0	 4186.0
1715156704298310041	 3019.0	 0.0	 2167.0	 0.0	 4181.0
1715156704373507738	 2987.0	 6387.0	 2148.0	 5778.0	 4209.0
1715156704448547363	 3034.0	 6354.0	 2032.0	 5726.0	 4214.0
1715156704524582386	 2991.0	 6349.0	 1971.0	 5689.0	 4270.0
1715156704599658012	 2968.0	 6293.0	 1928.0	 5750.0	 4335.0
1715156704668525457	 3019.0	 6293.0	 1919.0	 0.0	 4387.0
1715156704736337423	 3048.0	 0.0	 1919.0	 5736.0	 4424.0
1715156704804560661	 2991.0	 0.0	 1896.0	 5792.0	 4452.0
1715156704872524499	 2912.0	 6115.0	 1845.0	 0.0	 4494.0
1715156704947789430	 2977.0	 6087.0	 1779.0	 5778.0	 4545.0
1715156705016609430	 2963.0	 6077.0	 1741.0	 0.0	 4522.0
1715156705091860055	 2954.0	 6054.0	 1643.0	 5815.0	 4597.0
1715156705166515111	 3080.0	 6026.0	 1620.0	 5843.0	 4653.0
1715156705235917806	 3179.0	 0.0	 1554.0	 5872.0	 4681.0
1715156705311343193	 3109.0	 5984.0	 1502.0	 5848.0	 4677.0
1715156705380904197	 3698.0	 5947.0	 1474.0	 0.0	 4733.0
1715156705456158638	 3043.0	 5862.0	 1441.0	 5839.0	 4771.0
1715156705525351285	 3595.0	 5858.0	 0.0	 5843.0	 4832.0
1715156705584938049	 0.0	 5754.0	 1366.0	 5787.0	 0.0
1715156705659515857	 3118.0	 5717.0	 1366.0	 5815.0	 4977.0
1715156705734006166	 3127.0	 5712.0	 1366.0	 5764.0	 5051.0
1715156705809119462	 3231.0	 5642.0	 1348.0	 5721.0	 5051.0
1715156705884122133	 3287.0	 5637.0	 1278.0	 5712.0	 5084.0
1715156705958937168	 3231.0	 5557.0	 1221.0	 5768.0	 5145.0
1715156706033735275	 3268.0	 5515.0	 1165.0	 5773.0	 5164.0
1715156706109117269	 3361.0	 5469.0	 1170.0	 5764.0	 5183.0
1715156706183560848	 3403.0	 5417.0	 1161.0	 5773.0	 5220.0
1715156706258427619	 3324.0	 5366.0	 1132.0	 5811.0	 5248.0
1715156706332925796	 3310.0	 5342.0	 1165.0	 5811.0	 5258.0
1715156706408827066	 3427.0	 5262.0	 1165.0	 5820.0	 5286.0
1715156706483707189	 3497.0	 5197.0	 1123.0	 5801.0	 5295.0
1715156706550966978	 3544.0	 0.0	 1189.0	 5792.0	 0.0
1715156706626837730	 3576.0	 5080.0	 1217.0	 5754.0	 5436.0
1715156706701041221	 3549.0	 4996.0	 1179.0	 5764.0	 5459.0
1715156706775885820	 3562.0	 4939.0	 1137.0	 5754.0	 5492.0
1715156706850877046	 3600.0	 5000.0	 1146.0	 5768.0	 5510.0
1715156706925534963	 3661.0	 5248.0	 1189.0	 5693.0	 5534.0
1715156706992743968	 3666.0	 5155.0	 1156.0	 5684.0	 0.0
1715156707068435668	 3717.0	 5000.0	 1156.0	 5679.0	 5585.0
1715156707143803834	 3783.0	 5056.0	 1132.0	 5679.0	 5585.0
1715156707218883991	 3797.0	 4949.0	 1132.0	 5679.0	 5689.0
1715156707287298440	 3867.0	 4888.0	 1142.0	 0.0	 5656.0
1715156707362177848	 3891.0	 4799.0	 1404.0	 5661.0	 5679.0
1715156707437270641	 3947.0	 4799.0	 1357.0	 5646.0	 5707.0
1715156707512261629	 4003.0	 4677.0	 1385.0	 5553.0	 5750.0
1715156707586963653	 4040.0	 4611.0	 1366.0	 5585.0	 5773.0
1715156707662766695	 4096.0	 4592.0	 1399.0	 5529.0	 5773.0
1715156707738097906	 4096.0	 4518.0	 1427.0	 5534.0	 5806.0
1715156707806066036	 4157.0	 4457.0	 1512.0	 0.0	 5834.0
1715156707881325244	 4176.0	 4415.0	 1615.0	 5506.0	 5890.0
1715156707942648887	 4186.0	 4354.0	 1634.0	 0.0	 0.0
1715156708011529922	 4209.0	 4335.0	 1737.0	 0.0	 5904.0
1715156708079149246	 4275.0	 4265.0	 1798.0	 5361.0	 0.0
1715156708147333621	 4363.0	 4228.0	 1845.0	 0.0	 5923.0
1715156708222867250	 4405.0	 4115.0	 1900.0	 5305.0	 5984.0
1715156708296896934	 4476.0	 4078.0	 1900.0	 5286.0	 6012.0
1715156708371339321	 4536.0	 3970.0	 1849.0	 5295.0	 5993.0
1715156708438996315	 4574.0	 0.0	 1900.0	 5272.0	 6054.0
1715156708507882356	 0.0	 3947.0	 1872.0	 5206.0	 6073.0
1715156708581832408	 4653.0	 3881.0	 1910.0	 5220.0	 6101.0
1715156708657106399	 4757.0	 3848.0	 1994.0	 5225.0	 6124.0
1715156708732505559	 4766.0	 3853.0	 2041.0	 5201.0	 6199.0
1715156708806759595	 4785.0	 3811.0	 2120.0	 5427.0	 6181.0
1715156708881317138	 4799.0	 3783.0	 2148.0	 5211.0	 6241.0
1715156708956258773	 4794.0	 3712.0	 2125.0	 5436.0	 6237.0
1715156709017723560	 4780.0	 3642.0	 2153.0	 0.0	 0.0
1715156709085873842	 4794.0	 3562.0	 0.0	 5398.0	 6354.0
1715156709159994363	 4827.0	 3548.0	 2223.0	 5483.0	 6345.0
1715156709234568357	 4963.0	 3436.0	 2228.0	 5478.0	 6438.0
1715156709303706169	 5140.0	 3422.0	 0.0	 5023.0	 6438.0
1715156709378933429	 5220.0	 3361.0	 2327.0	 5234.0	 6467.0
1715156709441269397	 5262.0	 0.0	 2607.0	 0.0	 6523.0
1715156709509167194	 5352.0	 3282.0	 0.0	 5005.0	 6546.0
1715156709584984302	 5352.0	 3221.0	 2739.0	 5103.0	 6593.0
1715156709660467386	 5492.0	 3221.0	 2748.0	 5136.0	 6668.0
1715156709735524177	 5478.0	 3207.0	 2790.0	 5122.0	 6687.0
1715156709810088872	 5534.0	 3212.0	 2902.0	 5225.0	 6682.0
1715156709879411697	 5567.0	 3174.0	 2916.0	 0.0	 6692.0
1715156709954666137	 5524.0	 2930.0	 3010.0	 5216.0	 6757.0
1715156710022586345	 5609.0	 0.0	 2991.0	 5220.0	 6804.0
1715156710096837520	 5656.0	 2874.0	 3132.0	 5206.0	 6874.0
1715156710171386957	 5693.0	 2855.0	 2996.0	 5262.0	 6926.0
1715156710239225387	 0.0	 2851.0	 3174.0	 5187.0	 6902.0
1715156710306773185	 5918.0	 2822.0	 3300.0	 0.0	 6926.0
1715156710381525993	 5961.0	 2696.0	 3263.0	 5220.0	 6987.0
1715156710456852436	 5993.0	 2552.0	 3259.0	 5206.0	 7024.0
1715156710532816648	 6059.0	 2486.0	 3399.0	 5206.0	 7048.0
1715156710609117507	 6124.0	 2383.0	 3446.0	 5183.0	 7099.0
1715156710684322595	 6148.0	 2331.0	 3562.0	 5225.0	 7137.0
1715156710760042667	 6162.0	 2252.0	 3600.0	 5230.0	 7160.0
1715156710828106641	 6209.0	 2266.0	 0.0	 5201.0	 7235.0
1715156710904125213	 6354.0	 2294.0	 3731.0	 5197.0	 7282.0
1715156710977986574	 6406.0	 2416.0	 3764.0	 5178.0	 7385.0
1715156711053133726	 6448.0	 2364.0	 3848.0	 5192.0	 7399.0
1715156711122118473	 6570.0	 2275.0	 0.0	 5187.0	 7498.0
1715156711191191911	 6668.0	 0.0	 3938.0	 5159.0	 7493.0
1715156711266367197	 6738.0	 2144.0	 4003.0	 5136.0	 7503.0
1715156711341129064	 6785.0	 2027.0	 4050.0	 5140.0	 7521.0
1715156711415487527	 6869.0	 2148.0	 4153.0	 5126.0	 7592.0
1715156711490488290	 6902.0	 2345.0	 4251.0	 5131.0	 7592.0
1715156711565626859	 6926.0	 2355.0	 4297.0	 5131.0	 7620.0
1715156711633783578	 6991.0	 2256.0	 4349.0	 0.0	 7625.0
1715156711708620309	 7085.0	 2148.0	 4349.0	 5089.0	 7741.0
1715156711783769369	 6996.0	 2065.0	 4462.0	 5080.0	 7788.0
1715156711858898878	 6987.0	 1924.0	 4663.0	 5056.0	 7835.0
1715156711926157474	 7268.0	 0.0	 4785.0	 5051.0	 7849.0
1715156712000995159	 7329.0	 2041.0	 4954.0	 5037.0	 7915.0
1715156712069454908	 7362.0	 0.0	 4167.0	 5005.0	 7919.0
1715156712144647121	 7489.0	 1947.0	 4344.0	 4996.0	 7938.0
1715156712219534873	 7610.0	 2069.0	 4509.0	 5042.0	 7999.0
1715156712280847787	 7606.0	 0.0	 4597.0	 0.0	 7948.0
1715156712357129096	 7446.0	 2101.0	 4752.0	 4949.0	 7962.0
1715156712432564973	 7690.0	 2130.0	 4874.0	 4944.0	 7896.0
1715156712500666141	 7620.0	 0.0	 4874.0	 4925.0	 7915.0
1715156712575553178	 7489.0	 2158.0	 4972.0	 4939.0	 7905.0
1715156712649906396	 7263.0	 2237.0	 5028.0	 4916.0	 7891.0
1715156712718953132	 0.0	 2195.0	 5089.0	 4864.0	 7872.0
1715156712794413805	 7385.0	 2214.0	 5192.0	 4832.0	 7854.0
1715156712868910074	 7460.0	 2312.0	 5258.0	 4803.0	 7788.0
1715156712944326639	 7540.0	 2603.0	 5342.0	 4728.0	 7779.0
1715156713019346714	 7535.0	 2538.0	 5244.0	 4644.0	 7774.0
1715156713094924211	 7545.0	 2593.0	 5230.0	 4635.0	 7844.0
1715156713171239137	 7521.0	 0.0	 5051.0	 4949.0	 7849.0
1715156713246399164	 7582.0	 2453.0	 5136.0	 4513.0	 7751.0
1715156713321446180	 7671.0	 2420.0	 5117.0	 4448.0	 7722.0
1715156713396677970	 7713.0	 2458.0	 5178.0	 4148.0	 7671.0
1715156713471381425	 7704.0	 2528.0	 5248.0	 4078.0	 7648.0
1715156713539474487	 7736.0	 0.0	 5277.0	 4059.0	 7610.0
1715156713614573240	 7727.0	 2631.0	 5319.0	 4013.0	 7592.0
1715156713688897371	 7718.0	 2706.0	 5337.0	 4017.0	 7540.0
1715156713764334917	 7746.0	 2720.0	 5361.0	 4022.0	 7507.0
1715156713839179515	 7732.0	 2795.0	 5347.0	 4059.0	 7479.0
1715156713913902997	 7700.0	 2818.0	 5389.0	 0.0	 7442.0
1715156713988415718	 7690.0	 2832.0	 5380.0	 3961.0	 7376.0
1715156714063752412	 7676.0	 2781.0	 5436.0	 3947.0	 7437.0
1715156714133419752	 7686.0	 2860.0	 5413.0	 0.0	 7507.0
1715156714208927392	 7676.0	 3497.0	 5427.0	 3933.0	 7474.0
1715156714277358055	 7643.0	 3507.0	 5398.0	 0.0	 7423.0
1715156714346802234	 7681.0	 3413.0	 5431.0	 0.0	 7385.0
1715156714413730382	 7732.0	 3319.0	 5450.0	 3928.0	 0.0
1715156714489228248	 7722.0	 3347.0	 5459.0	 3806.0	 7301.0
1715156714564480066	 7741.0	 3380.0	 5455.0	 3769.0	 7268.0
1715156714639227867	 7741.0	 3427.0	 5474.0	 3609.0	 7268.0
1715156714714281558	 7736.0	 3507.0	 5455.0	 3287.0	 7207.0
1715156714788708448	 7751.0	 3558.0	 5431.0	 4096.0	 7202.0
1715156714863511085	 7746.0	 3684.0	 5422.0	 3455.0	 7127.0
1715156714937816858	 7746.0	 3792.0	 5455.0	 3605.0	 7080.0
1715156715012277841	 7704.0	 3811.0	 5450.0	 3778.0	 7019.0
1715156715087147474	 7709.0	 3844.0	 5422.0	 3146.0	 6935.0
1715156715161800384	 7648.0	 3909.0	 5422.0	 3226.0	 6874.0
1715156715238127470	 7587.0	 3999.0	 5375.0	 3071.0	 6841.0
1715156715306838035	 7568.0	 0.0	 5370.0	 2907.0	 6766.0
1715156715381261348	 7564.0	 4125.0	 5342.0	 2987.0	 6738.0
1715156715450425148	 7531.0	 0.0	 5305.0	 3076.0	 6701.0
1715156715524954795	 7531.0	 3900.0	 5333.0	 3015.0	 6706.0
1715156715600008010	 7423.0	 4013.0	 5319.0	 2898.0	 6621.0
1715156715675200462	 7404.0	 4143.0	 5291.0	 2855.0	 6664.0
1715156715750132799	 7385.0	 4190.0	 5277.0	 2795.0	 6448.0
1715156715825679302	 7381.0	 4279.0	 5216.0	 2725.0	 6560.0
1715156715893886566	 0.0	 4433.0	 5253.0	 2682.0	 6359.0
1715156715968444347	 7193.0	 4476.0	 5192.0	 2603.0	 6359.0
1715156716043350219	 7151.0	 4555.0	 5234.0	 2505.0	 6270.0
1715156716112259626	 0.0	 4602.0	 5216.0	 2444.0	 6302.0
1715156716186748266	 7043.0	 4719.0	 5220.0	 2425.0	 6251.0
1715156716260928869	 7038.0	 4785.0	 5225.0	 2383.0	 6307.0
1715156716336388587	 7066.0	 4888.0	 5225.0	 2298.0	 5811.0
1715156716411837100	 7010.0	 4789.0	 5239.0	 2266.0	 5539.0
1715156716486039400	 6991.0	 4775.0	 5248.0	 2176.0	 5515.0
1715156716560734748	 6982.0	 4827.0	 5211.0	 2134.0	 5628.0
1715156716628620386	 0.0	 4860.0	 5281.0	 2079.0	 5534.0
1715156716702768564	 6935.0	 4925.0	 5248.0	 1980.0	 5492.0
1715156716777271509	 6973.0	 5000.0	 5277.0	 1924.0	 5361.0
1715156716846085786	 6977.0	 5004.0	 5258.0	 1905.0	 0.0
1715156716921302318	 6949.0	 5201.0	 5286.0	 1849.0	 5314.0
1715156716996205568	 6954.0	 5187.0	 5342.0	 1826.0	 5333.0
1715156717071442604	 6879.0	 5080.0	 5366.0	 1732.0	 5464.0
1715156717146194219	 6926.0	 5155.0	 5389.0	 1709.0	 5394.0
1715156717221069574	 6926.0	 5173.0	 5417.0	 1643.0	 5384.0
1715156717290297031	 6907.0	 5155.0	 5403.0	 1540.0	 0.0
1715156717365136146	 6958.0	 5277.0	 5464.0	 1507.0	 5267.0
1715156717439676761	 6930.0	 5305.0	 5497.0	 1502.0	 4949.0
1715156717514835357	 6893.0	 5427.0	 5496.0	 1484.0	 4864.0
1715156717588762998	 6907.0	 5609.0	 5539.0	 1460.0	 4860.0
1715156717663287639	 6832.0	 5768.0	 5506.0	 1549.0	 5103.0
1715156717737811088	 6822.0	 5806.0	 5567.0	 1676.0	 5352.0
1715156717805947542	 0.0	 5904.0	 5534.0	 1835.0	 5206.0
1715156717880084514	 6780.0	 6007.0	 5543.0	 1985.0	 5206.0
1715156717954917430	 6799.0	 6002.0	 5553.0	 1681.0	 5131.0
1715156718023389577	 6799.0	 0.0	 5576.0	 1760.0	 5051.0
1715156718098062992	 6747.0	 6326.0	 5515.0	 1380.0	 5047.0
1715156718172136545	 6729.0	 6382.0	 5557.0	 1521.0	 5080.0
1715156718238509654	 6706.0	 6495.0	 5506.0	 1573.0	 0.0
1715156718313414096	 6621.0	 6378.0	 5534.0	 1521.0	 4167.0
1715156718388775348	 6575.0	 6462.0	 5496.0	 1601.0	 4106.0
1715156718449865102	 6579.0	 0.0	 0.0	 1610.0	 4195.0
1715156718517801761	 0.0	 6542.0	 5492.0	 1681.0	 4190.0
1715156718593246459	 6546.0	 6129.0	 5483.0	 1615.0	 4232.0
1715156718668211698	 6481.0	 6152.0	 5464.0	 1858.0	 4274.0
1715156718743432044	 6415.0	 6227.0	 5459.0	 1802.0	 4073.0
1715156718818762540	 6387.0	 6288.0	 5422.0	 1840.0	 4073.0
1715156718894111633	 6335.0	 6387.0	 5403.0	 1844.0	 4027.0
1715156718968950271	 6288.0	 6420.0	 5384.0	 1858.0	 3914.0
1715156719043972492	 6307.0	 6443.0	 5337.0	 1877.0	 3970.0
1715156719118867397	 6331.0	 6495.0	 5309.0	 1985.0	 3811.0
1715156719192977666	 6359.0	 6485.0	 5281.0	 1985.0	 3999.0
1715156719268358230	 6251.0	 6537.0	 5225.0	 2013.0	 3773.0
1715156719344158887	 6213.0	 6621.0	 5169.0	 2055.0	 3773.0
1715156719412244319	 6241.0	 6621.0	 0.0	 2074.0	 3909.0
1715156719486743211	 6232.0	 6706.0	 5136.0	 2130.0	 4251.0
1715156719561026573	 6321.0	 6687.0	 5070.0	 2186.0	 3422.0
1715156719635300397	 6237.0	 6743.0	 5080.0	 2308.0	 3548.0
1715156719709853887	 6129.0	 6640.0	 5061.0	 2355.0	 3525.0
1715156719785123825	 6044.0	 6579.0	 5033.0	 2444.0	 3586.0
1715156719860394001	 5961.0	 6570.0	 4968.0	 2453.0	 3544.0
1715156719934993267	 5928.0	 6434.0	 4878.0	 2355.0	 3488.0
1715156720010266304	 5848.0	 6410.0	 4710.0	 2448.0	 3394.0
1715156720085062980	 5876.0	 6401.0	 5117.0	 2612.0	 3535.0
1715156720160316228	 5768.0	 6401.0	 5286.0	 2617.0	 3544.0
1715156720235333204	 5759.0	 6424.0	 5211.0	 2650.0	 3328.0
1715156720311031341	 5675.0	 6467.0	 4968.0	 2650.0	 3441.0
1715156720371136426	 0.0	 0.0	 4982.0	 2626.0	 3469.0
1715156720439851284	 5848.0	 6434.0	 4728.0	 0.0	 3019.0
1715156720514180898	 5754.0	 6429.0	 4592.0	 3085.0	 3319.0
1715156720588486909	 5773.0	 6424.0	 4513.0	 3113.0	 3783.0
1715156720657562017	 5811.0	 0.0	 4518.0	 3137.0	 3221.0
1715156720732021331	 5604.0	 6199.0	 4424.0	 3179.0	 3207.0
1715156720807259559	 5543.0	 6120.0	 4429.0	 3216.0	 3347.0
1715156720883307218	 5478.0	 6068.0	 4363.0	 3216.0	 3310.0
1715156720951822757	 5201.0	 6073.0	 4293.0	 0.0	 3338.0
1715156721027048110	 5524.0	 6049.0	 4279.0	 3235.0	 3357.0
1715156721102333068	 5478.0	 6195.0	 4246.0	 3231.0	 3306.0
1715156721177308559	 5590.0	 6368.0	 4181.0	 3333.0	 3413.0
1715156721238056659	 4780.0	 6307.0	 0.0	 0.0	 3380.0
1715156721306884527	 4672.0	 6429.0	 4082.0	 0.0	 3324.0
1715156721374675273	 4663.0	 6443.0	 4031.0	 3558.0	 0.0
1715156721449208259	 4583.0	 6270.0	 4022.0	 3549.0	 3347.0
1715156721523656129	 4522.0	 6265.0	 3956.0	 3600.0	 3380.0
1715156721598267793	 4541.0	 6209.0	 3900.0	 3628.0	 3394.0
1715156721673765420	 4555.0	 6241.0	 3830.0	 3590.0	 3385.0
1715156721748734474	 4522.0	 6284.0	 3783.0	 3834.0	 3389.0
1715156721823919296	 4531.0	 6152.0	 3778.0	 3938.0	 3418.0
1715156721891793012	 0.0	 6143.0	 3726.0	 3989.0	 3328.0
1715156721966482639	 4373.0	 6152.0	 3717.0	 4031.0	 3314.0
1715156722041979789	 4344.0	 6157.0	 3623.0	 4031.0	 3352.0
1715156722118100881	 4330.0	 6115.0	 3572.0	 4059.0	 3338.0
1715156722192740917	 4261.0	 6171.0	 3544.0	 4162.0	 3324.0
1715156722267770290	 4237.0	 6134.0	 3464.0	 4265.0	 3319.0
1715156722343105792	 4176.0	 6209.0	 3474.0	 4335.0	 3324.0
1715156722418438673	 4171.0	 6298.0	 3403.0	 4382.0	 3259.0
1715156722494318485	 4139.0	 6359.0	 3432.0	 4391.0	 3268.0
1715156722569119453	 4125.0	 6406.0	 3399.0	 4490.0	 3306.0
1715156722644669771	 4017.0	 6542.0	 3380.0	 4597.0	 3249.0
1715156722719281911	 4040.0	 6537.0	 3380.0	 4550.0	 3245.0
1715156722794038295	 4031.0	 6570.0	 3371.0	 4686.0	 3193.0
1715156722868850708	 4087.0	 6593.0	 3361.0	 4686.0	 3221.0
1715156722944597959	 4008.0	 6678.0	 3352.0	 4728.0	 3160.0
1715156723019540071	 3947.0	 6757.0	 3328.0	 4705.0	 3146.0
1715156723087820529	 3853.0	 6762.0	 3342.0	 0.0	 3137.0
1715156723163059711	 3811.0	 6808.0	 3319.0	 4780.0	 3080.0
1715156723237354040	 3722.0	 6869.0	 3314.0	 4860.0	 3118.0
1715156723312386751	 3675.0	 6930.0	 3296.0	 4902.0	 3156.0
1715156723387527942	 3590.0	 6930.0	 3273.0	 4972.0	 3127.0
1715156723463254213	 3544.0	 6987.0	 3235.0	 5056.0	 3221.0
1715156723538316249	 3511.0	 7048.0	 3231.0	 5201.0	 3137.0
1715156723612691879	 3479.0	 7066.0	 3202.0	 5262.0	 3216.0
1715156723688393115	 3432.0	 7127.0	 3198.0	 0.0	 3216.0
1715156723763788938	 3324.0	 7137.0	 3156.0	 0.0	 3305.0
1715156723831652641	 3300.0	 7188.0	 0.0	 5853.0	 3273.0
1715156723905744791	 3254.0	 7174.0	 3123.0	 5258.0	 3296.0
1715156723972858428	 3184.0	 7062.0	 0.0	 5380.0	 3306.0
1715156724048537492	 3179.0	 7024.0	 3109.0	 5474.0	 3361.0
1715156724123444557	 3193.0	 7062.0	 3104.0	 5492.0	 3408.0
1715156724198528289	 3254.0	 6958.0	 2987.0	 5609.0	 3455.0
1715156724273604393	 3268.0	 6949.0	 2963.0	 5642.0	 3474.0
1715156724348623037	 3259.0	 6982.0	 2893.0	 5787.0	 3525.0
1715156724423709630	 2804.0	 6935.0	 2800.0	 5782.0	 3590.0
1715156724499008178	 2869.0	 7010.0	 2739.0	 5876.0	 3642.0
1715156724566999197	 2860.0	 0.0	 2682.0	 5933.0	 3708.0
1715156724641912460	 2804.0	 7010.0	 2645.0	 5914.0	 3773.0
1715156724716713190	 2800.0	 7001.0	 2640.0	 5965.0	 3802.0
1715156724791372060	 2813.0	 6963.0	 2640.0	 5937.0	 3844.0
1715156724865783691	 2781.0	 6944.0	 2621.0	 0.0	 3886.0
1715156724940196275	 2809.0	 6898.0	 2566.0	 5984.0	 3928.0
1715156725015404462	 2809.0	 6912.0	 2528.0	 5951.0	 4008.0
1715156725082110643	 2762.0	 6869.0	 2444.0	 5993.0	 0.0
1715156725158149003	 2711.0	 6874.0	 2388.0	 6040.0	 4157.0
1715156725234088420	 2790.0	 6837.0	 2312.0	 6115.0	 4242.0
1715156725303116321	 2767.0	 6799.0	 2322.0	 0.0	 4321.0
1715156725379201173	 2715.0	 6766.0	 2242.0	 6185.0	 4321.0
1715156725453700542	 2701.0	 6785.0	 2205.0	 6218.0	 4363.0
1715156725528387546	 2645.0	 6733.0	 2069.0	 6241.0	 4368.0
1715156725602653264	 2664.0	 6659.0	 1868.0	 6270.0	 4396.0
1715156725677019357	 2607.0	 6654.0	 1784.0	 6270.0	 4462.0
1715156725752542972	 2664.0	 6635.0	 1751.0	 6279.0	 4509.0
1715156725826789855	 2631.0	 6617.0	 1807.0	 6331.0	 4522.0
1715156725901424646	 2612.0	 6579.0	 1910.0	 6471.0	 4578.0
1715156725969833135	 2579.0	 0.0	 1690.0	 6387.0	 4597.0
1715156726044934988	 2589.0	 6523.0	 1709.0	 6589.0	 4527.0
1715156726119617223	 2725.0	 6476.0	 1666.0	 6340.0	 4597.0
1715156726195310354	 2664.0	 6448.0	 1620.0	 6026.0	 4705.0
1715156726270003795	 2673.0	 6349.0	 1535.0	 5993.0	 4785.0
1715156726345083475	 2781.0	 6270.0	 1488.0	 6030.0	 4817.0
1715156726421129703	 2762.0	 6227.0	 1484.0	 6044.0	 4836.0
1715156726489673137	 2757.0	 6059.0	 1446.0	 0.0	 4897.0
1715156726566032171	 2753.0	 6002.0	 1399.0	 6223.0	 4944.0
1715156726635381698	 2865.0	 5988.0	 1352.0	 0.0	 4963.0
1715156726703303575	 2902.0	 0.0	 1282.0	 6096.0	 4977.0
1715156726777633905	 2926.0	 6152.0	 1236.0	 6091.0	 4972.0
1715156726845391988	 2865.0	 6176.0	 1128.0	 0.0	 0.0
1715156726920881509	 2879.0	 6091.0	 1151.0	 5998.0	 5019.0
1715156726995194435	 2944.0	 5895.0	 1151.0	 5975.0	 5047.0
1715156727069370508	 2954.0	 5764.0	 1146.0	 5928.0	 5108.0
1715156727144349098	 3085.0	 5759.0	 1212.0	 5848.0	 5112.0
1715156727218679189	 3127.0	 5646.0	 1110.0	 5839.0	 5126.0
1715156727286751508	 3221.0	 0.0	 1132.0	 5853.0	 5155.0
1715156727362768888	 3277.0	 5469.0	 1123.0	 5815.0	 5164.0
1715156727431376934	 3352.0	 5417.0	 1170.0	 5759.0	 0.0
1715156727506228446	 3375.0	 5356.0	 1193.0	 5740.0	 5216.0
1715156727581736803	 3408.0	 5319.0	 1226.0	 5703.0	 5225.0
1715156727657657623	 3450.0	 5239.0	 1236.0	 5675.0	 5295.0
1715156727732328891	 3544.0	 5155.0	 1236.0	 5679.0	 5328.0
1715156727800175428	 3590.0	 5033.0	 1245.0	 0.0	 5319.0
1715156727874943494	 3717.0	 5014.0	 1329.0	 5628.0	 5366.0
1715156727950578927	 3755.0	 4883.0	 1352.0	 5585.0	 5422.0
1715156728025111198	 3797.0	 4855.0	 1343.0	 5581.0	 5459.0
1715156728100357055	 3848.0	 4794.0	 1339.0	 5557.0	 5488.0
1715156728176377058	 3900.0	 4714.0	 1371.0	 5571.0	 5539.0
1715156728252358675	 3947.0	 4677.0	 1554.0	 5510.0	 5543.0
1715156728327420711	 4045.0	 4602.0	 1484.0	 5492.0	 5628.0
1715156728395252704	 4073.0	 4536.0	 1549.0	 5534.0	 0.0
1715156728469556808	 4101.0	 4462.0	 1549.0	 5408.0	 5689.0
1715156728545665264	 4200.0	 4433.0	 1676.0	 5356.0	 5721.0
1715156728620412349	 4246.0	 4316.0	 1765.0	 5272.0	 5764.0
1715156728694833993	 4358.0	 4251.0	 1844.0	 5281.0	 5848.0
1715156728770400762	 4419.0	 4186.0	 1891.0	 5126.0	 5848.0
1715156728845366477	 4494.0	 4082.0	 1971.0	 5112.0	 5895.0
1715156728920664787	 4545.0	 3970.0	 2018.0	 5098.0	 5914.0
1715156728994874477	 4578.0	 3914.0	 2111.0	 5033.0	 5989.0
1715156729062936305	 4649.0	 3877.0	 0.0	 5051.0	 6026.0
1715156729139000415	 4710.0	 3816.0	 2139.0	 5272.0	 6063.0
1715156729214290142	 4747.0	 3806.0	 2153.0	 5220.0	 6115.0
1715156729282083511	 0.0	 3722.0	 2256.0	 5459.0	 6171.0
1715156729357623577	 4813.0	 3670.0	 2406.0	 5745.0	 6246.0
1715156729431776285	 4916.0	 3614.0	 2472.0	 5740.0	 6284.0
1715156729507225036	 5004.0	 3544.0	 2533.0	 5689.0	 6284.0
1715156729581964015	 5140.0	 3488.0	 2481.0	 5384.0	 6321.0
1715156729656428575	 5258.0	 3385.0	 2481.0	 4944.0	 6438.0
1715156729730949640	 5309.0	 3296.0	 2664.0	 4939.0	 6453.0
1715156729805025100	 5375.0	 3292.0	 2659.0	 4963.0	 6495.0
1715156729879513740	 5403.0	 3292.0	 2757.0	 4991.0	 6518.0
1715156729955365180	 5436.0	 3287.0	 2893.0	 5000.0	 6556.0
1715156730023859739	 5506.0	 3268.0	 0.0	 5014.0	 6621.0
1715156730098892450	 5581.0	 3226.0	 2930.0	 5033.0	 6725.0
1715156730174088954	 5604.0	 3118.0	 3123.0	 5065.0	 6720.0
1715156730249536037	 5665.0	 2954.0	 3174.0	 5047.0	 6757.0
1715156730324465036	 5750.0	 2869.0	 3254.0	 5037.0	 6747.0
1715156730399471044	 5778.0	 2865.0	 3300.0	 5042.0	 6846.0
1715156730474093675	 5768.0	 2753.0	 3413.0	 5033.0	 6883.0
1715156730549055576	 5867.0	 2617.0	 3254.0	 5056.0	 6916.0
1715156730623803615	 5933.0	 2491.0	 3389.0	 5056.0	 6996.0
1715156730699313163	 6007.0	 2444.0	 3455.0	 5051.0	 6982.0
1715156730774242877	 6462.0	 2430.0	 3511.0	 5037.0	 7010.0
1715156730843127965	 0.0	 2533.0	 3633.0	 5042.0	 7010.0
1715156730917359828	 6570.0	 2598.0	 3708.0	 5037.0	 7113.0
1715156730993337392	 6715.0	 2514.0	 3797.0	 5014.0	 7249.0
1715156731067973613	 6724.0	 2491.0	 3830.0	 5023.0	 7352.0
1715156731142509460	 6729.0	 2533.0	 3938.0	 5005.0	 7399.0
1715156731217053413	 6757.0	 2247.0	 4022.0	 5028.0	 7484.0
1715156731293245792	 6785.0	 2486.0	 4054.0	 5014.0	 7460.0
1715156731368487834	 6729.0	 2593.0	 4157.0	 5000.0	 7498.0
1715156731443814039	 6762.0	 2388.0	 4214.0	 5028.0	 7460.0
1715156731520036458	 6883.0	 2312.0	 4279.0	 4996.0	 7568.0
1715156731594338893	 6926.0	 2252.0	 4335.0	 4986.0	 7625.0
1715156731668938398	 7010.0	 2074.0	 4391.0	 4972.0	 7713.0
1715156731745031595	 7118.0	 2115.0	 4504.0	 4949.0	 7779.0
1715156731812603473	 7216.0	 2130.0	 4639.0	 4925.0	 0.0
1715156731886974096	 7287.0	 2115.0	 4752.0	 4925.0	 7783.0
1715156731961185216	 7249.0	 2092.0	 4982.0	 4944.0	 7849.0
1715156732036406278	 7343.0	 2162.0	 4326.0	 4874.0	 7830.0
1715156732111302852	 7559.0	 2158.0	 4578.0	 4878.0	 7863.0
1715156732186413049	 7657.0	 2083.0	 4817.0	 4897.0	 7887.0
1715156732261020660	 7736.0	 2205.0	 4916.0	 4846.0	 7807.0
1715156732336027383	 7774.0	 2233.0	 5000.0	 4775.0	 7821.0
1715156732410877704	 7882.0	 2252.0	 5009.0	 4799.0	 7774.0
1715156732485984563	 8027.0	 2341.0	 5051.0	 4733.0	 7840.0
1715156732561842679	 7479.0	 2448.0	 5061.0	 4742.0	 7872.0
1715156732636761665	 7451.0	 2074.0	 5004.0	 4747.0	 8351.0
1715156732712381839	 7498.0	 2388.0	 5178.0	 4691.0	 8323.0
1715156732788743257	 7484.0	 2308.0	 5094.0	 4738.0	 7769.0
1715156732864233016	 7474.0	 2696.0	 5108.0	 4888.0	 7760.0
1715156732940723180	 7549.0	 2561.0	 5155.0	 4560.0	 7686.0
1715156733008268356	 7615.0	 2514.0	 5145.0	 0.0	 7714.0
1715156733062108755	 7700.0	 0.0	 0.0	 0.0	 7695.0
1715156733137194633	 7718.0	 2528.0	 5211.0	 4110.0	 7634.0
1715156733204992055	 7671.0	 2579.0	 5248.0	 0.0	 7620.0
1715156733280674934	 7648.0	 2626.0	 5281.0	 4036.0	 7554.0
1715156733348944902	 7690.0	 2687.0	 5295.0	 4110.0	 0.0
1715156733423889875	 7709.0	 2743.0	 5300.0	 4073.0	 7460.0
1715156733499300718	 7667.0	 2846.0	 5286.0	 0.0	 7385.0
1715156733574487447	 7686.0	 2869.0	 5333.0	 4059.0	 7357.0
1715156733649036645	 7610.0	 2921.0	 5347.0	 4054.0	 7385.0
1715156733725216150	 7578.0	 2968.0	 5328.0	 0.0	 7385.0
1715156733794756889	 7601.0	 3057.0	 5352.0	 0.0	 7437.0
1715156733862483739	 0.0	 3137.0	 5375.0	 3881.0	 7390.0
1715156733937169075	 7629.0	 3221.0	 5361.0	 3834.0	 7362.0
1715156734011783123	 7671.0	 3259.0	 5394.0	 3778.0	 7273.0
1715156734087455272	 7695.0	 3347.0	 5398.0	 3895.0	 7263.0
1715156734162395715	 7690.0	 3371.0	 5431.0	 3820.0	 7240.0
1715156734237489700	 7695.0	 3446.0	 5445.0	 3834.0	 7188.0
1715156734312268495	 7667.0	 3549.0	 5459.0	 0.0	 7174.0
1715156734387816667	 7695.0	 3605.0	 5483.0	 0.0	 7076.0
1715156734462926149	 7690.0	 3656.0	 5483.0	 3366.0	 7005.0
1715156734537888050	 7700.0	 3769.0	 5469.0	 3778.0	 7019.0
1715156734613218784	 7629.0	 3830.0	 5501.0	 3698.0	 6977.0
1715156734690103054	 7648.0	 3928.0	 5474.0	 0.0	 6926.0
1715156734764828443	 7657.0	 4031.0	 5436.0	 3132.0	 6879.0
1715156734839680194	 7620.0	 4035.0	 5450.0	 3024.0	 6855.0
1715156734914668083	 7620.0	 4017.0	 5483.0	 3024.0	 6832.0
1715156734989276647	 7629.0	 4022.0	 5478.0	 2949.0	 6804.0
1715156735057290077	 0.0	 4036.0	 5422.0	 2973.0	 6766.0
1715156735132495164	 7629.0	 4101.0	 5417.0	 2968.0	 6776.0
1715156735200753927	 7587.0	 4200.0	 5403.0	 0.0	 6813.0
1715156735276087999	 7526.0	 3567.0	 5352.0	 2987.0	 6780.0
1715156735351313829	 7507.0	 3863.0	 5319.0	 3057.0	 6715.0
1715156735420122861	 7498.0	 3975.0	 5342.0	 2963.0	 0.0
1715156735495154619	 7498.0	 4013.0	 5319.0	 2907.0	 6579.0
1715156735570571660	 7409.0	 4040.0	 5295.0	 2865.0	 6518.0
1715156735645359516	 7376.0	 4054.0	 5262.0	 2804.0	 6467.0
1715156735720399618	 7352.0	 4153.0	 5248.0	 2753.0	 6354.0
1715156735794583320	 7287.0	 4176.0	 5216.0	 2725.0	 6270.0
1715156735869547843	 7231.0	 3994.0	 5197.0	 2743.0	 6279.0
1715156735945171356	 7179.0	 3999.0	 5173.0	 2640.0	 6199.0
1715156736020737886	 7118.0	 4115.0	 5155.0	 2570.0	 6115.0
1715156736095481157	 7043.0	 4251.0	 5126.0	 2566.0	 6012.0
1715156736170124769	 7015.0	 4307.0	 5103.0	 2486.0	 6026.0
1715156736244939804	 6968.0	 4415.0	 5075.0	 2472.0	 5975.0
1715156736320201158	 6968.0	 4452.0	 5042.0	 2416.0	 5914.0
1715156736394985675	 6921.0	 4639.0	 5089.0	 2397.0	 5951.0
1715156736469712734	 6912.0	 4789.0	 5056.0	 2378.0	 6040.0
1715156736544602394	 6837.0	 4841.0	 5037.0	 2284.0	 6181.0
1715156736619547128	 6888.0	 4982.0	 5056.0	 2247.0	 6227.0
1715156736694344520	 6869.0	 4597.0	 5089.0	 2219.0	 5361.0
1715156736769491672	 6893.0	 4644.0	 5037.0	 2144.0	 5295.0
1715156736844574213	 6832.0	 4672.0	 5108.0	 2092.0	 5323.0
1715156736919528961	 6855.0	 4733.0	 5080.0	 2065.0	 5515.0
1715156736987163305	 6888.0	 4799.0	 5117.0	 1989.0	 0.0
1715156737055499792	 6757.0	 4850.0	 5131.0	 0.0	 6007.0
1715156737130939245	 6865.0	 4977.0	 5187.0	 1914.0	 5642.0
1715156737205554723	 6841.0	 5047.0	 5239.0	 1877.0	 5173.0
1715156737280809640	 6776.0	 5112.0	 5262.0	 1863.0	 5028.0
1715156737355002641	 6794.0	 5244.0	 5272.0	 1774.0	 4982.0
1715156737429986000	 6771.0	 5305.0	 5305.0	 1704.0	 5009.0
1715156737504484653	 6790.0	 5370.0	 5328.0	 1718.0	 5131.0
1715156737579527854	 6762.0	 5427.0	 5356.0	 1662.0	 5023.0
1715156737654710769	 6692.0	 5529.0	 5375.0	 1648.0	 4907.0
1715156737729797601	 6715.0	 5553.0	 5384.0	 1690.0	 4714.0
1715156737806215763	 6687.0	 5646.0	 5384.0	 1718.0	 4513.0
1715156737881434440	 6612.0	 5693.0	 5352.0	 1826.0	 5000.0
1715156737955903768	 6626.0	 5670.0	 5370.0	 2036.0	 5014.0
1715156738031102657	 6570.0	 5562.0	 5380.0	 1521.0	 4930.0
1715156738106830835	 6635.0	 6279.0	 5436.0	 1971.0	 4780.0
1715156738181350469	 6518.0	 6298.0	 5394.0	 1872.0	 4541.0
1715156738256032228	 6565.0	 6265.0	 5366.0	 1671.0	 4396.0
1715156738331854581	 6462.0	 6307.0	 5328.0	 1802.0	 4429.0
1715156738407037019	 6481.0	 5909.0	 5333.0	 1891.0	 4883.0
1715156738482262849	 6429.0	 5843.0	 5262.0	 1882.0	 4789.0
1715156738558047056	 6363.0	 5839.0	 5262.0	 1975.0	 4518.0
1715156738632341384	 6335.0	 5937.0	 5230.0	 1831.0	 4902.0
1715156738707154750	 6237.0	 6026.0	 5197.0	 1844.0	 4054.0
1715156738781594514	 6246.0	 6063.0	 5140.0	 2008.0	 4279.0
1715156738855741500	 6152.0	 6110.0	 5108.0	 2115.0	 4283.0
1715156738931241989	 6049.0	 6162.0	 5080.0	 2055.0	 4171.0
1715156739006283044	 5984.0	 6237.0	 5042.0	 2083.0	 4110.0
1715156739080518484	 5876.0	 6293.0	 5000.0	 2120.0	 3999.0
1715156739148778915	 6354.0	 0.0	 4897.0	 2205.0	 3938.0
1715156739224188566	 6227.0	 6368.0	 4878.0	 2270.0	 4027.0
1715156739299587488	 6101.0	 6101.0	 4855.0	 2345.0	 3802.0
1715156739374850273	 5984.0	 6101.0	 4789.0	 2402.0	 3413.0
1715156739450659513	 5876.0	 6077.0	 4761.0	 2495.0	 3867.0
1715156739519467115	 5858.0	 6073.0	 4728.0	 0.0	 3938.0
1715156739595477819	 5740.0	 6040.0	 4625.0	 2711.0	 3825.0
1715156739671462297	 5726.0	 6120.0	 4541.0	 2855.0	 3764.0
1715156739746510267	 5646.0	 6166.0	 4448.0	 2486.0	 3811.0
1715156739821475028	 5576.0	 6162.0	 4494.0	 2654.0	 3642.0
1715156739895855188	 5539.0	 6134.0	 4415.0	 2753.0	 3961.0
1715156739971532583	 5427.0	 6157.0	 4410.0	 0.0	 3436.0
1715156740033647537	 5422.0	 0.0	 4377.0	 2851.0	 0.0
1715156740108984470	 5347.0	 6284.0	 4522.0	 0.0	 3413.0
1715156740182951450	 5286.0	 5993.0	 4855.0	 2996.0	 3450.0
1715156740258016586	 5281.0	 5993.0	 4509.0	 3024.0	 3357.0
1715156740333848476	 5173.0	 5989.0	 4401.0	 3057.0	 3342.0
1715156740400703430	 5108.0	 5951.0	 4653.0	 3109.0	 0.0
1715156740476134538	 4991.0	 5989.0	 4476.0	 3146.0	 3347.0
1715156740550981044	 4949.0	 5984.0	 4401.0	 3305.0	 3422.0
1715156740627150774	 4864.0	 6082.0	 4326.0	 0.0	 3333.0
1715156740701941251	 4855.0	 6166.0	 4214.0	 3450.0	 3160.0
1715156740778614997	 4817.0	 6181.0	 4106.0	 3614.0	 3240.0
1715156740853175878	 4733.0	 6218.0	 4092.0	 3694.0	 3268.0
1715156740928170919	 4705.0	 6237.0	 4035.0	 3694.0	 3277.0
1715156741002459049	 4625.0	 6298.0	 3999.0	 3816.0	 3324.0
1715156741077475070	 4597.0	 6340.0	 3933.0	 3844.0	 3282.0
1715156741151927709	 4545.0	 6331.0	 3872.0	 3867.0	 3328.0
1715156741226511001	 4509.0	 6251.0	 3834.0	 3975.0	 3277.0
1715156741301012516	 4480.0	 6251.0	 3792.0	 4027.0	 3259.0
1715156741376643657	 4504.0	 6218.0	 3680.0	 4087.0	 3277.0
1715156741450712680	 4504.0	 6251.0	 3689.0	 4167.0	 3249.0
1715156741525752544	 4387.0	 6270.0	 3633.0	 4200.0	 3263.0
1715156741600513458	 4340.0	 6302.0	 3590.0	 4279.0	 3254.0
1715156741675932645	 4279.0	 6321.0	 3544.0	 4302.0	 3235.0
1715156741750841379	 4200.0	 6340.0	 3530.0	 4358.0	 3188.0
1715156741825186729	 4157.0	 6420.0	 3525.0	 4396.0	 3188.0
1715156741901359081	 4129.0	 6438.0	 3479.0	 4433.0	 3207.0
1715156741975629091	 4110.0	 6476.0	 3422.0	 4466.0	 3174.0
1715156742049976825	 4078.0	 6528.0	 3375.0	 4527.0	 3231.0
1715156742123754978	 4013.0	 6565.0	 3375.0	 4653.0	 3170.0
1715156742192713737	 3928.0	 0.0	 3342.0	 4672.0	 3207.0
1715156742266904354	 3895.0	 6729.0	 3333.0	 4714.0	 3156.0
1715156742340888738	 3853.0	 6879.0	 3259.0	 4864.0	 3240.0
1715156742415034770	 3825.0	 6832.0	 3287.0	 4949.0	 3296.0
1715156742490359067	 3764.0	 6879.0	 3216.0	 4986.0	 3305.0
1715156742564645528	 3684.0	 6940.0	 3198.0	 4785.0	 3371.0
1715156742633707046	 0.0	 6973.0	 3198.0	 4630.0	 3385.0
1715156742708908557	 3576.0	 6926.0	 3160.0	 0.0	 3375.0
1715156742783850431	 3539.0	 6916.0	 3085.0	 0.0	 3413.0
1715156742858516931	 3483.0	 6954.0	 3071.0	 5014.0	 3633.0
1715156742933264493	 3464.0	 6968.0	 3010.0	 5108.0	 3432.0
1715156743007690191	 3408.0	 6902.0	 2968.0	 5220.0	 4340.0
1715156743082438945	 3305.0	 6954.0	 2912.0	 5277.0	 4068.0
1715156743157769918	 3170.0	 6865.0	 2879.0	 5356.0	 3488.0
1715156743232691764	 3156.0	 6790.0	 2832.0	 5408.0	 3666.0
1715156743308220624	 3342.0	 6790.0	 3132.0	 0.0	 3595.0
1715156743383737802	 3179.0	 6766.0	 2757.0	 5524.0	 3726.0
1715156743458307027	 3090.0	 6785.0	 2392.0	 5590.0	 3651.0
1715156743527773380	 0.0	 6738.0	 2369.0	 5642.0	 3736.0
1715156743603428363	 2968.0	 6804.0	 3071.0	 5712.0	 3764.0
1715156743666749238	 2898.0	 0.0	 2935.0	 5740.0	 0.0
1715156743741197824	 2855.0	 6869.0	 2598.0	 5792.0	 4794.0
1715156743817455053	 2772.0	 6841.0	 2552.0	 5843.0	 3999.0
1715156743893539905	 2762.0	 6794.0	 2472.0	 5881.0	 4218.0
1715156743969272613	 2800.0	 6808.0	 2434.0	 5979.0	 4466.0
1715156744037153005	 2757.0	 0.0	 2397.0	 6073.0	 3919.0
1715156744105811357	 2687.0	 6785.0	 0.0	 6134.0	 4888.0
1715156744180623769	 2687.0	 6794.0	 2312.0	 6016.0	 4326.0
1715156744255291938	 2729.0	 6747.0	 2280.0	 6049.0	 4223.0
1715156744330803155	 2743.0	 6720.0	 2223.0	 6096.0	 4415.0
1715156744405172109	 2734.0	 6720.0	 2120.0	 6110.0	 4438.0
1715156744480858802	 2654.0	 6650.0	 1989.0	 6143.0	 4644.0
1715156744555128812	 2682.0	 6626.0	 1914.0	 6209.0	 4982.0
1715156744630068778	 2668.0	 6659.0	 1798.0	 6176.0	 4415.0
1715156744704722166	 2650.0	 6584.0	 1788.0	 6129.0	 4531.0
1715156744766918659	 0.0	 0.0	 1989.0	 6059.0	 4504.0
1715156744841762542	 2692.0	 6509.0	 1699.0	 6040.0	 4569.0
1715156744911452054	 2668.0	 6504.0	 1938.0	 0.0	 4649.0
1715156744986508607	 2739.0	 6438.0	 1863.0	 6063.0	 4855.0
1715156745062037467	 2668.0	 6429.0	 1784.0	 5979.0	 5051.0
1715156745136523246	 2767.0	 6354.0	 1751.0	 5970.0	 4930.0
1715156745211505889	 2753.0	 6312.0	 1591.0	 5998.0	 4827.0
1715156745286560058	 2804.0	 6265.0	 1498.0	 6035.0	 4925.0
1715156745355636835	 2814.0	 6110.0	 0.0	 6082.0	 4968.0
1715156745430028438	 2772.0	 6049.0	 1352.0	 6087.0	 5009.0
1715156745504421710	 2893.0	 5989.0	 1334.0	 6049.0	 5042.0
1715156745572768211	 2916.0	 5928.0	 0.0	 6068.0	 5042.0
1715156745647534608	 2959.0	 5956.0	 1231.0	 6063.0	 5042.0
1715156745722366809	 2916.0	 5989.0	 1146.0	 6012.0	 5037.0
1715156745797101020	 2921.0	 6016.0	 1146.0	 5965.0	 5070.0
1715156745872640371	 3010.0	 6007.0	 1119.0	 5942.0	 5928.0
1715156745947422266	 3076.0	 5890.0	 1110.0	 5918.0	 5872.0
1715156746022671937	 3151.0	 5848.0	 1095.0	 5895.0	 5496.0
1715156746098164081	 3160.0	 5839.0	 1058.0	 5937.0	 5394.0
1715156746172617197	 3188.0	 5834.0	 1053.0	 5867.0	 5474.0
1715156746248129129	 3300.0	 5750.0	 1086.0	 5867.0	 5576.0
1715156746322952032	 3338.0	 5632.0	 1086.0	 5872.0	 5361.0
1715156746397537231	 3366.0	 5576.0	 1091.0	 5867.0	 5431.0
1715156746472186565	 3455.0	 5506.0	 1110.0	 5825.0	 5394.0
1715156746547640800	 3432.0	 5375.0	 1110.0	 5820.0	 5403.0
1715156746623204946	 3479.0	 5291.0	 1119.0	 5787.0	 5441.0
1715156746698046445	 3647.0	 5192.0	 1151.0	 5811.0	 5445.0
1715156746773167371	 3651.0	 5061.0	 1132.0	 5778.0	 5488.0
1715156746848715782	 3703.0	 5075.0	 1156.0	 5726.0	 5576.0
1715156746922811508	 3750.0	 4944.0	 1110.0	 5726.0	 5614.0
1715156746997157573	 3769.0	 5178.0	 1091.0	 5712.0	 5703.0
1715156747073562622	 3853.0	 4907.0	 1161.0	 5703.0	 5745.0
1715156747148960113	 3947.0	 4780.0	 1353.0	 5712.0	 5736.0
1715156747217689752	 3975.0	 4696.0	 0.0	 0.0	 5797.0
1715156747292765140	 4096.0	 4597.0	 1390.0	 5628.0	 5834.0
1715156747367360353	 4134.0	 4564.0	 1427.0	 5623.0	 5872.0
1715156747443225145	 4218.0	 4452.0	 1629.0	 5506.0	 5918.0
1715156747518007040	 4237.0	 4363.0	 1638.0	 5469.0	 5942.0
1715156747592600345	 4283.0	 4288.0	 1718.0	 5436.0	 5928.0
1715156747667335748	 4326.0	 4204.0	 1793.0	 5366.0	 5998.0
1715156747742623090	 4396.0	 4110.0	 1798.0	 5305.0	 5998.0
1715156747817642211	 4452.0	 4045.0	 1817.0	 5262.0	 6026.0
1715156747892863988	 4560.0	 3947.0	 1886.0	 5258.0	 6082.0
1715156747961050271	 4677.0	 3905.0	 0.0	 5248.0	 6059.0
1715156748035897970	 4738.0	 3848.0	 2004.0	 5323.0	 6082.0
1715156748110320806	 4780.0	 3834.0	 2065.0	 5947.0	 6162.0
1715156748178184270	 4869.0	 0.0	 2134.0	 5862.0	 6181.0
1715156748253149271	 4911.0	 3703.0	 2214.0	 5839.0	 6204.0
1715156748329734086	 4991.0	 3670.0	 2223.0	 5768.0	 6213.0
1715156748396754264	 4968.0	 3609.0	 2336.0	 0.0	 6251.0
1715156748471807003	 4982.0	 3544.0	 2411.0	 5731.0	 6326.0
1715156748546471834	 4968.0	 3483.0	 2312.0	 5689.0	 6345.0
1715156748621178150	 4939.0	 3432.0	 2500.0	 5759.0	 6363.0
1715156748695928573	 5122.0	 3357.0	 2439.0	 5422.0	 6410.0
1715156748770486354	 5384.0	 3263.0	 2593.0	 5192.0	 6420.0
1715156748845868110	 5515.0	 3282.0	 2617.0	 5150.0	 6443.0
1715156748920675992	 5510.0	 3273.0	 2696.0	 5080.0	 6476.0
1715156748995260000	 5496.0	 3268.0	 2814.0	 5056.0	 6509.0
1715156749069885253	 5506.0	 3226.0	 2790.0	 5075.0	 6476.0
1715156749145586013	 5614.0	 3184.0	 2893.0	 5019.0	 6514.0
1715156749219465255	 5689.0	 3141.0	 2996.0	 5005.0	 6499.0
1715156749294372558	 5698.0	 3085.0	 3052.0	 5014.0	 6410.0
1715156749362094879	 5843.0	 3034.0	 3099.0	 5004.0	 0.0
1715156749437505006	 5890.0	 2949.0	 3156.0	 4986.0	 6954.0
1715156749512517452	 5933.0	 2888.0	 3268.0	 4911.0	 6869.0
1715156749586988210	 6176.0	 2809.0	 3352.0	 4860.0	 6860.0
1715156749661956548	 6471.0	 2753.0	 3446.0	 4850.0	 6771.0
1715156749736494302	 6453.0	 2743.0	 3605.0	 4822.0	 6766.0
1715156749811084270	 6110.0	 2748.0	 3637.0	 4803.0	 6851.0
1715156749878362417	 0.0	 2776.0	 3717.0	 4719.0	 6701.0
1715156749945533990	 0.0	 2781.0	 3844.0	 4719.0	 6575.0
1715156750021011829	 6738.0	 2907.0	 3994.0	 4691.0	 6799.0
1715156750096335649	 6349.0	 3245.0	 3661.0	 4616.0	 6973.0
1715156750172357320	 6542.0	 3193.0	 3694.0	 4574.0	 6916.0
1715156750247561693	 6640.0	 3198.0	 3797.0	 4522.0	 6837.0
1715156750322081804	 6682.0	 3216.0	 3839.0	 4485.0	 6883.0
1715156750397770404	 6467.0	 2626.0	 3867.0	 4457.0	 6991.0
1715156750460118293	 0.0	 2790.0	 3923.0	 0.0	 7043.0
1715156750527813434	 0.0	 3118.0	 3975.0	 4349.0	 7052.0
1715156750603731870	 6495.0	 2692.0	 3984.0	 4358.0	 7052.0
1715156750677855968	 6504.0	 2762.0	 4073.0	 4261.0	 7137.0
1715156750754257917	 6556.0	 3174.0	 4017.0	 4232.0	 7010.0
1715156750828626871	 6626.0	 3043.0	 4139.0	 4125.0	 6822.0
1715156750903683423	 6659.0	 3095.0	 4031.0	 4106.0	 6804.0
1715156750977844476	 6682.0	 3104.0	 4045.0	 4017.0	 6804.0
1715156751052695751	 6682.0	 3085.0	 4162.0	 4017.0	 6804.0
1715156751127748250	 6729.0	 3019.0	 4354.0	 3947.0	 6747.0
1715156751203095197	 6659.0	 3123.0	 4387.0	 3881.0	 6654.0
1715156751277902126	 6711.0	 3160.0	 4424.0	 3797.0	 6603.0
1715156751353228330	 6725.0	 3483.0	 4457.0	 3773.0	 6575.0
1715156751427971601	 6725.0	 3507.0	 4485.0	 3694.0	 6499.0
1715156751503274440	 6725.0	 3507.0	 4471.0	 0.0	 6528.0
1715156751565757751	 6762.0	 3553.0	 0.0	 0.0	 6490.0
1715156751641054391	 6738.0	 3595.0	 4466.0	 3403.0	 0.0
1715156751716892242	 6776.0	 3722.0	 4536.0	 3249.0	 6359.0
1715156751791400909	 6790.0	 3792.0	 4560.0	 3231.0	 6265.0
1715156751865739107	 6776.0	 3877.0	 4620.0	 3174.0	 6185.0
1715156751940744638	 6813.0	 3680.0	 4672.0	 3249.0	 6162.0
1715156752017026901	 6827.0	 3745.0	 4733.0	 0.0	 6068.0
1715156752078653097	 6841.0	 3844.0	 0.0	 3165.0	 0.0
1715156752153753042	 6860.0	 3872.0	 4869.0	 3118.0	 5989.0
1715156752228905677	 6808.0	 3872.0	 4911.0	 3038.0	 5923.0
1715156752298103809	 6869.0	 4013.0	 4977.0	 0.0	 5890.0
1715156752372551441	 6860.0	 4499.0	 5000.0	 3048.0	 5900.0
1715156752440852642	 6869.0	 0.0	 5009.0	 2963.0	 5961.0
1715156752515027284	 6883.0	 4396.0	 5019.0	 2827.0	 5904.0
1715156752589156866	 6869.0	 4527.0	 5089.0	 2781.0	 5834.0
1715156752664656639	 6902.0	 4550.0	 5065.0	 2612.0	 5717.0
1715156752740027666	 6898.0	 4635.0	 5098.0	 2491.0	 5661.0
1715156752814354181	 6888.0	 4705.0	 5098.0	 2477.0	 5595.0
1715156752889564275	 6883.0	 4724.0	 5159.0	 2425.0	 5618.0
1715156752964514255	 6888.0	 4864.0	 5164.0	 2308.0	 5562.0
1715156753039453744	 6902.0	 4907.0	 5187.0	 2280.0	 5651.0
1715156753113561153	 6921.0	 4930.0	 5192.0	 2167.0	 6279.0
1715156753188460111	 6926.0	 5023.0	 5197.0	 2092.0	 6138.0
1715156753263142585	 6912.0	 5220.0	 5225.0	 2036.0	 5408.0
1715156753337615013	 6940.0	 5272.0	 5244.0	 1975.0	 5286.0
1715156753412636041	 6879.0	 5375.0	 5277.0	 1919.0	 5173.0
1715156753488739490	 6921.0	 5080.0	 5309.0	 1849.0	 5155.0
1715156753564143419	 6921.0	 5000.0	 5314.0	 1760.0	 5220.0
1715156753632762908	 6926.0	 5000.0	 5352.0	 0.0	 5206.0
1715156753708545207	 6860.0	 5065.0	 5375.0	 1699.0	 5239.0
1715156753783350229	 6874.0	 5234.0	 5366.0	 1685.0	 5136.0
1715156753858705997	 6827.0	 5427.0	 5361.0	 1605.0	 4954.0
1715156753926917076	 6851.0	 0.0	 5375.0	 1624.0	 4752.0
1715156754002398967	 6799.0	 5670.0	 5370.0	 1601.0	 5047.0
1715156754076503515	 6729.0	 5764.0	 5384.0	 1638.0	 5155.0
1715156754151587247	 6631.0	 5928.0	 5361.0	 1671.0	 5037.0
1715156754226640939	 6635.0	 5745.0	 5352.0	 1737.0	 4977.0
1715156754294028520	 6650.0	 5721.0	 5366.0	 1807.0	 0.0
1715156754368937015	 6565.0	 5768.0	 5319.0	 0.0	 4958.0
1715156754437990903	 6542.0	 5782.0	 0.0	 2106.0	 4907.0
1715156754499564170	 6471.0	 0.0	 5309.0	 2004.0	 0.0
1715156754573718786	 6462.0	 5834.0	 5286.0	 1999.0	 5234.0
1715156754648645162	 6434.0	 5797.0	 5267.0	 2022.0	 4195.0
1715156754723396301	 6420.0	 5731.0	 5230.0	 1914.0	 4954.0
1715156754797474384	 6415.0	 5712.0	 5173.0	 1713.0	 4836.0
1715156754866454124	 6363.0	 5698.0	 5150.0	 1704.0	 0.0
1715156754940593481	 6368.0	 5815.0	 5164.0	 1840.0	 4681.0
1715156755015115261	 6349.0	 5853.0	 5178.0	 1943.0	 4639.0
1715156755089876890	 6462.0	 5862.0	 5061.0	 2022.0	 4457.0
1715156755165817260	 6523.0	 5928.0	 5009.0	 2036.0	 4448.0
1715156755241588592	 6490.0	 5876.0	 5023.0	 2106.0	 4377.0
1715156755316550493	 6288.0	 5900.0	 4996.0	 2125.0	 4344.0
1715156755390839576	 6237.0	 5942.0	 5000.0	 2162.0	 4349.0
1715156755465319156	 6162.0	 5951.0	 5005.0	 2144.0	 4382.0
1715156755541064500	 6091.0	 5890.0	 4944.0	 2214.0	 4405.0
1715156755615423440	 6068.0	 5853.0	 4954.0	 2270.0	 4443.0
1715156755689880847	 6063.0	 5843.0	 4944.0	 2280.0	 4424.0
1715156755764918565	 5989.0	 5797.0	 5042.0	 2359.0	 4448.0
1715156755840657234	 6016.0	 5815.0	 5065.0	 2481.0	 4471.0
1715156755915769100	 6054.0	 5811.0	 4963.0	 2083.0	 4494.0
1715156755990782976	 6007.0	 5778.0	 4817.0	 2111.0	 4560.0
1715156756059554576	 0.0	 5721.0	 4742.0	 2144.0	 4672.0
1715156756133866786	 6185.0	 5707.0	 4785.0	 2219.0	 4027.0
1715156756208714246	 6185.0	 5689.0	 4869.0	 2172.0	 4092.0
1715156756283497333	 6209.0	 5628.0	 4883.0	 2167.0	 4555.0
1715156756359854936	 6176.0	 5670.0	 4864.0	 0.0	 4059.0
1715156756435623407	 6176.0	 5614.0	 4817.0	 2092.0	 4139.0
1715156756509863615	 6152.0	 5571.0	 4757.0	 2079.0	 4326.0
1715156756584382057	 6091.0	 5557.0	 4714.0	 2092.0	 4794.0
1715156756658921957	 6115.0	 5497.0	 4658.0	 2505.0	 4644.0
1715156756735032320	 6129.0	 5501.0	 4574.0	 2439.0	 4545.0
1715156756809336662	 6054.0	 5483.0	 4602.0	 2444.0	 4517.0
1715156756884455204	 6049.0	 5394.0	 4527.0	 2706.0	 4578.0
1715156756960605382	 6002.0	 5366.0	 4536.0	 2640.0	 4630.0
1715156757035126924	 5975.0	 5352.0	 4499.0	 2654.0	 4686.0
1715156757110440731	 5853.0	 5277.0	 4513.0	 2715.0	 4771.0
1715156757185222864	 5839.0	 5239.0	 4405.0	 2603.0	 4569.0
1715156757253640174	 5797.0	 5216.0	 4377.0	 2696.0	 0.0
1715156757328658342	 5782.0	 5192.0	 4377.0	 2753.0	 4499.0
1715156757403962373	 5717.0	 5164.0	 4312.0	 2772.0	 4499.0
1715156757478927612	 5689.0	 5117.0	 4270.0	 2786.0	 4499.0
1715156757547759771	 5675.0	 5084.0	 4265.0	 0.0	 4518.0
1715156757609485626	 5646.0	 5094.0	 0.0	 0.0	 4513.0
1715156757684048414	 5721.0	 5112.0	 4115.0	 2898.0	 4499.0
1715156757758867740	 5679.0	 5103.0	 4082.0	 0.0	 4555.0
1715156757834630966	 5665.0	 5117.0	 4078.0	 0.0	 4560.0
1715156757908795118	 5623.0	 5103.0	 4017.0	 0.0	 4564.0
1715156757984103202	 5609.0	 5117.0	 3966.0	 3005.0	 4564.0
1715156758059097766	 5562.0	 5075.0	 3961.0	 2996.0	 4635.0
1715156758133916616	 5585.0	 5056.0	 3942.0	 3090.0	 4635.0
1715156758208818674	 5553.0	 5023.0	 3867.0	 3132.0	 4611.0
1715156758276818513	 5524.0	 5000.0	 3839.0	 0.0	 0.0
1715156758351105690	 5496.0	 4986.0	 3820.0	 3146.0	 4574.0
1715156758426317453	 5515.0	 4963.0	 3802.0	 3170.0	 4578.0
1715156758501981258	 5478.0	 4860.0	 3787.0	 0.0	 4611.0
1715156758576519489	 5450.0	 4832.0	 3722.0	 3282.0	 4691.0
1715156758650973796	 5431.0	 4761.0	 3694.0	 0.0	 4513.0
1715156758725358009	 5413.0	 4719.0	 3651.0	 3301.0	 4742.0
1715156758800273656	 5366.0	 4653.0	 3614.0	 3366.0	 4635.0
1715156758869233369	 5337.0	 4611.0	 3590.0	 0.0	 4686.0
1715156758944848299	 5309.0	 4639.0	 3558.0	 0.0	 4771.0
1715156759019916057	 5314.0	 4672.0	 3507.0	 3422.0	 4785.0
1715156759094862222	 5197.0	 4686.0	 3479.0	 3464.0	 4822.0
1715156759170786857	 5145.0	 4724.0	 3460.0	 3549.0	 4850.0
1715156759245227336	 5150.0	 4977.0	 3394.0	 3544.0	 4874.0
1715156759313881397	 0.0	 4888.0	 3389.0	 3600.0	 4893.0
1715156759382483243	 5145.0	 5000.0	 3314.0	 0.0	 4916.0
1715156759457391023	 5108.0	 4949.0	 3296.0	 3642.0	 4963.0
1715156759532891273	 5075.0	 4893.0	 3282.0	 3656.0	 4930.0
1715156759607972621	 5094.0	 4841.0	 3235.0	 3675.0	 4949.0
1715156759682578802	 5065.0	 4789.0	 3207.0	 3661.0	 4977.0
1715156759757315158	 5028.0	 4817.0	 3188.0	 3726.0	 4996.0
1715156759832262992	 5047.0	 4836.0	 3188.0	 3745.0	 4972.0
1715156759906447649	 5028.0	 4813.0	 3188.0	 3755.0	 5005.0
1715156759980983018	 5033.0	 4789.0	 3188.0	 3694.0	 4963.0
1715156760056109666	 5033.0	 4794.0	 3202.0	 3797.0	 4996.0
1715156760123418569	 5014.0	 4789.0	 3193.0	 3797.0	 0.0
1715156760190724849	 5042.0	 4766.0	 3188.0	 0.0	 5005.0
1715156760266189098	 5023.0	 4775.0	 3193.0	 3811.0	 4991.0
1715156760341813087	 5014.0	 4766.0	 3193.0	 3745.0	 4982.0
1715156760409425497	 5000.0	 4803.0	 3165.0	 0.0	 4991.0
1715156760484545469	 5014.0	 4766.0	 3188.0	 3731.0	 4991.0
1715156760559741973	 5033.0	 4822.0	 3193.0	 3787.0	 4996.0
1715156760634612798	 5019.0	 4822.0	 3188.0	 3787.0	 4996.0
1715156760701483488	 5023.0	 4780.0	 3184.0	 0.0	 4982.0
1715156760776927232	 5005.0	 4747.0	 3179.0	 3792.0	 4972.0
1715156760851836919	 5037.0	 4789.0	 3156.0	 3792.0	 4996.0
1715156760927170515	 5014.0	 4794.0	 3193.0	 3830.0	 4982.0
1715156761002201080	 5009.0	 4785.0	 3193.0	 3802.0	 5000.0
1715156761063285827	 5000.0	 4771.0	 0.0	 0.0	 4982.0
1715156761137935876	 5033.0	 4808.0	 3170.0	 3745.0	 5005.0
1715156761213716506	 5000.0	 4789.0	 3179.0	 3806.0	 5000.0
1715156761287803649	 5000.0	 4785.0	 3198.0	 3773.0	 4991.0
1715156761363397359	 5014.0	 4771.0	 3193.0	 3778.0	 5014.0
1715156761438112497	 5000.0	 4785.0	 3207.0	 3792.0	 4986.0
1715156761513795375	 4986.0	 4789.0	 3174.0	 3731.0	 4991.0
1715156761589114904	 5019.0	 4794.0	 3188.0	 3759.0	 4982.0
1715156761664207935	 5000.0	 4785.0	 3179.0	 3717.0	 4982.0
1715156761738930225	 5047.0	 4803.0	 3179.0	 3717.0	 4982.0
1715156761812675476	 5023.0	 4761.0	 3202.0	 3787.0	 4977.0
1715156761887396335	 5005.0	 4789.0	 3170.0	 3848.0	 4963.0
1715156761962834835	 4996.0	 4780.0	 3174.0	 3726.0	 4982.0
1715156762038111925	 5009.0	 4799.0	 3179.0	 3778.0	 4982.0
1715156762112563610	 5047.0	 4794.0	 3198.0	 3787.0	 4991.0
1715156762188336610	 5028.0	 4794.0	 3216.0	 3731.0	 5000.0
1715156762263036012	 5023.0	 4780.0	 3202.0	 3759.0	 4982.0
1715156762338454484	 5023.0	 4780.0	 3188.0	 3759.0	 5000.0
1715156762413482189	 5005.0	 4799.0	 3198.0	 3802.0	 4986.0
1715156762488982200	 5028.0	 4808.0	 3216.0	 3750.0	 5004.0
1715156762563025474	 4982.0	 4747.0	 3198.0	 3731.0	 5005.0
1715156762638531684	 5042.0	 4794.0	 3184.0	 3736.0	 5220.0
1715156762714788913	 5019.0	 4789.0	 3179.0	 3834.0	 5065.0
1715156762790254592	 5033.0	 4780.0	 3184.0	 3722.0	 5000.0
1715156762857719898	 5033.0	 4766.0	 3179.0	 0.0	 5037.0
1715156762932828426	 5000.0	 4803.0	 3207.0	 3764.0	 4986.0
1715156763007508754	 5009.0	 4761.0	 3151.0	 3759.0	 4977.0
1715156763082710504	 5037.0	 4780.0	 3184.0	 3792.0	 5014.0
1715156763157410144	 5000.0	 4799.0	 3170.0	 0.0	 4982.0
1715156763233056545	 5009.0	 4832.0	 3198.0	 3731.0	 5000.0
1715156763307503700	 5042.0	 4789.0	 3198.0	 3792.0	 4986.0
1715156763382469415	 5019.0	 4780.0	 3188.0	 3787.0	 5009.0
1715156763457387924	 5037.0	 4789.0	 3184.0	 3773.0	 5004.0
1715156763532880544	 5023.0	 4789.0	 3179.0	 3736.0	 4996.0
1715156763607918739	 5075.0	 4771.0	 3170.0	 3797.0	 4977.0
1715156763681931018	 5075.0	 4832.0	 3174.0	 3741.0	 4963.0
1715156763757200956	 4991.0	 4757.0	 3198.0	 3769.0	 5004.0
1715156763832282781	 4986.0	 4808.0	 3207.0	 3736.0	 4991.0
1715156763901081800	 5023.0	 0.0	 3193.0	 3736.0	 4986.0
1715156763968590497	 4977.0	 4799.0	 3179.0	 3759.0	 0.0
1715156764035453081	 5000.0	 4794.0	 3160.0	 3731.0	 0.0
1715156764111236333	 4935.0	 4817.0	 3198.0	 3694.0	 5014.0
1715156764186802864	 4864.0	 4794.0	 3184.0	 3802.0	 5004.0
1715156764261181354	 4883.0	 4789.0	 3202.0	 0.0	 5014.0
1715156764336555004	 4949.0	 4789.0	 3170.0	 3722.0	 5014.0
1715156764412624597	 4935.0	 4799.0	 3188.0	 3736.0	 4996.0
1715156764487077951	 4958.0	 4775.0	 3156.0	 3750.0	 4991.0
1715156764562783718	 4930.0	 4785.0	 3207.0	 3745.0	 4982.0
1715156764637787342	 4907.0	 4738.0	 3202.0	 0.0	 5000.0
1715156764712022304	 4869.0	 4771.0	 3174.0	 3778.0	 5000.0
1715156764786801815	 4911.0	 4794.0	 3174.0	 0.0	 4977.0
1715156764861394166	 4888.0	 4822.0	 3198.0	 3731.0	 5004.0
1715156764935692071	 4925.0	 4841.0	 3174.0	 3783.0	 4963.0
1715156765011075019	 4935.0	 4832.0	 3184.0	 0.0	 5014.0
1715156765086174249	 4982.0	 4794.0	 3170.0	 3708.0	 4968.0
1715156765162260293	 5037.0	 4761.0	 3174.0	 0.0	 4963.0
1715156765236788272	 5075.0	 4813.0	 3179.0	 3726.0	 4972.0
1715156765311763525	 5070.0	 4775.0	 3193.0	 3778.0	 5005.0
1715156765387234210	 5089.0	 4813.0	 3179.0	 3722.0	 5004.0
1715156765462603330	 5042.0	 4794.0	 3179.0	 3825.0	 4991.0
1715156765536685466	 5075.0	 4832.0	 3198.0	 3703.0	 4977.0
1715156765611113548	 5094.0	 4803.0	 3188.0	 3778.0	 4977.0
1715156765685965299	 5070.0	 4803.0	 3174.0	 3783.0	 4972.0
1715156765761155128	 5047.0	 4808.0	 3188.0	 3731.0	 4991.0
1715156765835528135	 5056.0	 4789.0	 3212.0	 3703.0	 4977.0
1715156765910013675	 5037.0	 4799.0	 3188.0	 3773.0	 4968.0
